384 9
0 1 -1 1 3 -1 -1 4 4 
1 0 -1 2 4 -1 -1 5 3 
2 1 -1 1 5 -1 -1 4 4 
3 4 0 4 6 1 1 7 7 
4 3 1 5 7 0 2 8 6 
5 4 2 4 8 1 1 7 7 
6 7 3 7 9 4 4 10 10 
7 6 4 8 10 3 5 11 9 
8 7 5 7 11 4 4 10 10 
9 10 6 10 12 7 7 13 13 
10 9 7 11 13 6 8 14 12 
11 10 8 10 14 7 7 13 13 
12 13 9 13 15 10 10 16 16 
13 12 10 14 16 9 11 17 15 
14 13 11 13 17 10 10 16 16 
15 16 12 16 18 13 13 19 19 
16 15 13 17 19 12 14 20 18 
17 16 14 16 20 13 13 19 19 
18 19 15 19 21 16 16 22 22 
19 18 16 20 22 15 17 23 21 
20 19 17 19 23 16 16 22 22 
21 22 18 22 24 19 19 25 25 
22 21 19 23 25 18 20 26 24 
23 22 20 22 26 19 19 25 25 
24 25 21 25 27 22 22 28 28 
25 24 22 26 28 21 23 29 27 
26 25 23 25 29 22 22 28 28 
27 28 24 28 30 25 25 31 31 
28 27 25 29 31 24 26 32 30 
29 28 26 28 32 25 25 31 31 
30 31 27 31 33 28 28 34 34 
31 30 28 32 34 27 29 35 33 
32 31 29 31 35 28 28 34 34 
33 34 30 34 36 31 31 37 37 
34 33 31 35 37 30 32 38 36 
35 34 32 34 38 31 31 37 37 
36 37 33 37 39 34 34 40 40 
37 36 34 38 40 33 35 41 39 
38 37 35 37 41 34 34 40 40 
39 40 36 40 42 37 37 43 43 
40 39 37 41 43 36 38 44 42 
41 40 38 40 44 37 37 43 43 
42 43 39 43 45 40 40 46 46 
43 42 40 44 46 39 41 47 45 
44 43 41 43 47 40 40 46 46 
45 46 42 46 48 43 43 49 49 
46 45 43 47 49 42 44 50 48 
47 46 44 46 50 43 43 49 49 
48 49 45 49 51 46 46 52 52 
49 48 46 50 52 45 47 53 51 
50 49 47 49 53 46 46 52 52 
51 52 48 52 54 49 49 55 55 
52 51 49 53 55 48 50 56 54 
53 52 50 52 56 49 49 55 55 
54 55 51 55 57 52 52 58 58 
55 54 52 56 58 51 53 59 57 
56 55 53 55 59 52 52 58 58 
57 58 54 58 60 55 55 61 61 
58 57 55 59 61 54 56 62 60 
59 58 56 58 62 55 55 61 61 
60 61 57 61 63 58 58 64 64 
61 60 58 62 64 57 59 65 63 
62 61 59 61 65 58 58 64 64 
63 64 60 64 66 61 61 67 67 
64 63 61 65 67 60 62 68 66 
65 64 62 64 68 61 61 67 67 
66 67 63 67 69 64 64 70 70 
67 66 64 68 70 63 65 71 69 
68 67 65 67 71 64 64 70 70 
69 70 66 70 72 67 67 73 73 
70 69 67 71 73 66 68 74 72 
71 70 68 70 74 67 67 73 73 
72 73 69 73 75 70 70 76 76 
73 72 70 74 76 69 71 77 75 
74 73 71 73 77 70 70 76 76 
75 76 72 76 78 73 73 79 79 
76 75 73 77 79 72 74 80 78 
77 76 74 76 80 73 73 79 79 
78 79 75 79 81 76 76 82 82 
79 78 76 80 82 75 77 83 81 
80 79 77 79 83 76 76 82 82 
81 82 78 82 84 79 79 85 85 
82 81 79 83 85 78 80 86 84 
83 82 80 82 86 79 79 85 85 
84 85 81 85 87 82 82 88 88 
85 84 82 86 88 81 83 89 87 
86 85 83 85 89 82 82 88 88 
87 88 84 88 90 85 85 91 91 
88 87 85 89 91 84 86 92 90 
89 88 86 88 92 85 85 91 91 
90 91 87 91 93 88 88 94 94 
91 90 88 92 94 87 89 95 93 
92 91 89 91 95 88 88 94 94 
93 94 90 94 96 91 91 97 97 
94 93 91 95 97 90 92 98 96 
95 94 92 94 98 91 91 97 97 
96 97 93 97 99 94 94 100 100 
97 96 94 98 100 93 95 101 99 
98 97 95 97 101 94 94 100 100 
99 100 96 100 102 97 97 103 103 
100 99 97 101 103 96 98 104 102 
101 100 98 100 104 97 97 103 103 
102 103 99 103 105 100 100 106 106 
103 102 100 104 106 99 101 107 105 
104 103 101 103 107 100 100 106 106 
105 106 102 106 108 103 103 109 109 
106 105 103 107 109 102 104 110 108 
107 106 104 106 110 103 103 109 109 
108 109 105 109 111 106 106 112 112 
109 108 106 110 112 105 107 113 111 
110 109 107 109 113 106 106 112 112 
111 112 108 112 114 109 109 115 115 
112 111 109 113 115 108 110 116 114 
113 112 110 112 116 109 109 115 115 
114 115 111 115 117 112 112 118 118 
115 114 112 116 118 111 113 119 117 
116 115 113 115 119 112 112 118 118 
117 118 114 118 120 115 115 121 121 
118 117 115 119 121 114 116 122 120 
119 118 116 118 122 115 115 121 121 
120 121 117 121 123 118 118 124 124 
121 120 118 122 124 117 119 125 123 
122 121 119 121 125 118 118 124 124 
123 124 120 124 126 121 121 127 127 
124 123 121 125 127 120 122 128 126 
125 124 122 124 128 121 121 127 127 
126 127 123 127 129 124 124 130 130 
127 126 124 128 130 123 125 131 129 
128 127 125 127 131 124 124 130 130 
129 130 126 130 132 127 127 133 133 
130 129 127 131 133 126 128 134 132 
131 130 128 130 134 127 127 133 133 
132 133 129 133 135 130 130 136 136 
133 132 130 134 136 129 131 137 135 
134 133 131 133 137 130 130 136 136 
135 136 132 136 138 133 133 139 139 
136 135 133 137 139 132 134 140 138 
137 136 134 136 140 133 133 139 139 
138 139 135 139 141 136 136 142 142 
139 138 136 140 142 135 137 143 141 
140 139 137 139 143 136 136 142 142 
141 142 138 142 144 139 139 145 145 
142 141 139 143 145 138 140 146 144 
143 142 140 142 146 139 139 145 145 
144 145 141 145 147 142 142 148 148 
145 144 142 146 148 141 143 149 147 
146 145 143 145 149 142 142 148 148 
147 148 144 148 150 145 145 151 151 
148 147 145 149 151 144 146 152 150 
149 148 146 148 152 145 145 151 151 
150 151 147 151 153 148 148 154 154 
151 150 148 152 154 147 149 155 153 
152 151 149 151 155 148 148 154 154 
153 154 150 154 156 151 151 157 157 
154 153 151 155 157 150 152 158 156 
155 154 152 154 158 151 151 157 157 
156 157 153 157 159 154 154 160 160 
157 156 154 158 160 153 155 161 159 
158 157 155 157 161 154 154 160 160 
159 160 156 160 162 157 157 163 163 
160 159 157 161 163 156 158 164 162 
161 160 158 160 164 157 157 163 163 
162 163 159 163 165 160 160 166 166 
163 162 160 164 166 159 161 167 165 
164 163 161 163 167 160 160 166 166 
165 166 162 166 168 163 163 169 169 
166 165 163 167 169 162 164 170 168 
167 166 164 166 170 163 163 169 169 
168 169 165 169 171 166 166 172 172 
169 168 166 170 172 165 167 173 171 
170 169 167 169 173 166 166 172 172 
171 172 168 172 174 169 169 175 175 
172 171 169 173 175 168 170 176 174 
173 172 170 172 176 169 169 175 175 
174 175 171 175 177 172 172 178 178 
175 174 172 176 178 171 173 179 177 
176 175 173 175 179 172 172 178 178 
177 178 174 178 180 175 175 181 181 
178 177 175 179 181 174 176 182 180 
179 178 176 178 182 175 175 181 181 
180 181 177 181 183 178 178 184 184 
181 180 178 182 184 177 179 185 183 
182 181 179 181 185 178 178 184 184 
183 184 180 184 186 181 181 187 187 
184 183 181 185 187 180 182 188 186 
185 184 182 184 188 181 181 187 187 
186 187 183 187 189 184 184 190 190 
187 186 184 188 190 183 185 191 189 
188 187 185 187 191 184 184 190 190 
189 190 186 190 192 187 187 193 193 
190 189 187 191 193 186 188 194 192 
191 190 188 190 194 187 187 193 193 
192 193 189 193 195 190 190 196 196 
193 192 190 194 196 189 191 197 195 
194 193 191 193 197 190 190 196 196 
195 196 192 196 198 193 193 199 199 
196 195 193 197 199 192 194 200 198 
197 196 194 196 200 193 193 199 199 
198 199 195 199 201 196 196 202 202 
199 198 196 200 202 195 197 203 201 
200 199 197 199 203 196 196 202 202 
201 202 198 202 204 199 199 205 205 
202 201 199 203 205 198 200 206 204 
203 202 200 202 206 199 199 205 205 
204 205 201 205 207 202 202 208 208 
205 204 202 206 208 201 203 209 207 
206 205 203 205 209 202 202 208 208 
207 208 204 208 210 205 205 211 211 
208 207 205 209 211 204 206 212 210 
209 208 206 208 212 205 205 211 211 
210 211 207 211 213 208 208 214 214 
211 210 208 212 214 207 209 215 213 
212 211 209 211 215 208 208 214 214 
213 214 210 214 216 211 211 217 217 
214 213 211 215 217 210 212 218 216 
215 214 212 214 218 211 211 217 217 
216 217 213 217 219 214 214 220 220 
217 216 214 218 220 213 215 221 219 
218 217 215 217 221 214 214 220 220 
219 220 216 220 222 217 217 223 223 
220 219 217 221 223 216 218 224 222 
221 220 218 220 224 217 217 223 223 
222 223 219 223 225 220 220 226 226 
223 222 220 224 226 219 221 227 225 
224 223 221 223 227 220 220 226 226 
225 226 222 226 228 223 223 229 229 
226 225 223 227 229 222 224 230 228 
227 226 224 226 230 223 223 229 229 
228 229 225 229 231 226 226 232 232 
229 228 226 230 232 225 227 233 231 
230 229 227 229 233 226 226 232 232 
231 232 228 232 234 229 229 235 235 
232 231 229 233 235 228 230 236 234 
233 232 230 232 236 229 229 235 235 
234 235 231 235 237 232 232 238 238 
235 234 232 236 238 231 233 239 237 
236 235 233 235 239 232 232 238 238 
237 238 234 238 240 235 235 241 241 
238 237 235 239 241 234 236 242 240 
239 238 236 238 242 235 235 241 241 
240 241 237 241 243 238 238 244 244 
241 240 238 242 244 237 239 245 243 
242 241 239 241 245 238 238 244 244 
243 244 240 244 246 241 241 247 247 
244 243 241 245 247 240 242 248 246 
245 244 242 244 248 241 241 247 247 
246 247 243 247 249 244 244 250 250 
247 246 244 248 250 243 245 251 249 
248 247 245 247 251 244 244 250 250 
249 250 246 250 252 247 247 253 253 
250 249 247 251 253 246 248 254 252 
251 250 248 250 254 247 247 253 253 
252 253 249 253 255 250 250 256 256 
253 252 250 254 256 249 251 257 255 
254 253 251 253 257 250 250 256 256 
255 256 252 256 258 253 253 259 259 
256 255 253 257 259 252 254 260 258 
257 256 254 256 260 253 253 259 259 
258 259 255 259 261 256 256 262 262 
259 258 256 260 262 255 257 263 261 
260 259 257 259 263 256 256 262 262 
261 262 258 262 264 259 259 265 265 
262 261 259 263 265 258 260 266 264 
263 262 260 262 266 259 259 265 265 
264 265 261 265 267 262 262 268 268 
265 264 262 266 268 261 263 269 267 
266 265 263 265 269 262 262 268 268 
267 268 264 268 270 265 265 271 271 
268 267 265 269 271 264 266 272 270 
269 268 266 268 272 265 265 271 271 
270 271 267 271 273 268 268 274 274 
271 270 268 272 274 267 269 275 273 
272 271 269 271 275 268 268 274 274 
273 274 270 274 276 271 271 277 277 
274 273 271 275 277 270 272 278 276 
275 274 272 274 278 271 271 277 277 
276 277 273 277 279 274 274 280 280 
277 276 274 278 280 273 275 281 279 
278 277 275 277 281 274 274 280 280 
279 280 276 280 282 277 277 283 283 
280 279 277 281 283 276 278 284 282 
281 280 278 280 284 277 277 283 283 
282 283 279 283 285 280 280 286 286 
283 282 280 284 286 279 281 287 285 
284 283 281 283 287 280 280 286 286 
285 286 282 286 288 283 283 289 289 
286 285 283 287 289 282 284 290 288 
287 286 284 286 290 283 283 289 289 
288 289 285 289 291 286 286 292 292 
289 288 286 290 292 285 287 293 291 
290 289 287 289 293 286 286 292 292 
291 292 288 292 294 289 289 295 295 
292 291 289 293 295 288 290 296 294 
293 292 290 292 296 289 289 295 295 
294 295 291 295 297 292 292 298 298 
295 294 292 296 298 291 293 299 297 
296 295 293 295 299 292 292 298 298 
297 298 294 298 300 295 295 301 301 
298 297 295 299 301 294 296 302 300 
299 298 296 298 302 295 295 301 301 
300 301 297 301 303 298 298 304 304 
301 300 298 302 304 297 299 305 303 
302 301 299 301 305 298 298 304 304 
303 304 300 304 306 301 301 307 307 
304 303 301 305 307 300 302 308 306 
305 304 302 304 308 301 301 307 307 
306 307 303 307 309 304 304 310 310 
307 306 304 308 310 303 305 311 309 
308 307 305 307 311 304 304 310 310 
309 310 306 310 312 307 307 313 313 
310 309 307 311 313 306 308 314 312 
311 310 308 310 314 307 307 313 313 
312 313 309 313 315 310 310 316 316 
313 312 310 314 316 309 311 317 315 
314 313 311 313 317 310 310 316 316 
315 316 312 316 318 313 313 319 319 
316 315 313 317 319 312 314 320 318 
317 316 314 316 320 313 313 319 319 
318 319 315 319 321 316 316 322 322 
319 318 316 320 322 315 317 323 321 
320 319 317 319 323 316 316 322 322 
321 322 318 322 324 319 319 325 325 
322 321 319 323 325 318 320 326 324 
323 322 320 322 326 319 319 325 325 
324 325 321 325 327 322 322 328 328 
325 324 322 326 328 321 323 329 327 
326 325 323 325 329 322 322 328 328 
327 328 324 328 330 325 325 331 331 
328 327 325 329 331 324 326 332 330 
329 328 326 328 332 325 325 331 331 
330 331 327 331 333 328 328 334 334 
331 330 328 332 334 327 329 335 333 
332 331 329 331 335 328 328 334 334 
333 334 330 334 336 331 331 337 337 
334 333 331 335 337 330 332 338 336 
335 334 332 334 338 331 331 337 337 
336 337 333 337 339 334 334 340 340 
337 336 334 338 340 333 335 341 339 
338 337 335 337 341 334 334 340 340 
339 340 336 340 342 337 337 343 343 
340 339 337 341 343 336 338 344 342 
341 340 338 340 344 337 337 343 343 
342 343 339 343 345 340 340 346 346 
343 342 340 344 346 339 341 347 345 
344 343 341 343 347 340 340 346 346 
345 346 342 346 348 343 343 349 349 
346 345 343 347 349 342 344 350 348 
347 346 344 346 350 343 343 349 349 
348 349 345 349 351 346 346 352 352 
349 348 346 350 352 345 347 353 351 
350 349 347 349 353 346 346 352 352 
351 352 348 352 354 349 349 355 355 
352 351 349 353 355 348 350 356 354 
353 352 350 352 356 349 349 355 355 
354 355 351 355 357 352 352 358 358 
355 354 352 356 358 351 353 359 357 
356 355 353 355 359 352 352 358 358 
357 358 354 358 360 355 355 361 361 
358 357 355 359 361 354 356 362 360 
359 358 356 358 362 355 355 361 361 
360 361 357 361 363 358 358 364 364 
361 360 358 362 364 357 359 365 363 
362 361 359 361 365 358 358 364 364 
363 364 360 364 366 361 361 367 367 
364 363 361 365 367 360 362 368 366 
365 364 362 364 368 361 361 367 367 
366 367 363 367 369 364 364 370 370 
367 366 364 368 370 363 365 371 369 
368 367 365 367 371 364 364 370 370 
369 370 366 370 372 367 367 373 373 
370 369 367 371 373 366 368 374 372 
371 370 368 370 374 367 367 373 373 
372 373 369 373 375 370 370 376 376 
373 372 370 374 376 369 371 377 375 
374 373 371 373 377 370 370 376 376 
375 376 372 376 378 373 373 379 379 
376 375 373 377 379 372 374 380 378 
377 376 374 376 380 373 373 379 379 
378 379 375 379 381 376 376 382 382 
379 378 376 380 382 375 377 383 381 
380 379 377 379 383 376 376 382 382 
381 382 378 382 -1 379 379 -1 -1 
382 381 379 383 -1 378 380 -1 -1 
383 382 380 382 -1 379 379 -1 -1 
