254 4
0 1 3 4 
1 2 4 5 
3 4 6 7 
4 5 7 8 
6 7 9 10 
7 8 10 11 
9 10 12 13 
10 11 13 14 
12 13 15 16 
13 14 16 17 
15 16 18 19 
16 17 19 20 
18 19 21 22 
19 20 22 23 
21 22 24 25 
22 23 25 26 
24 25 27 28 
25 26 28 29 
27 28 30 31 
28 29 31 32 
30 31 33 34 
31 32 34 35 
33 34 36 37 
34 35 37 38 
36 37 39 40 
37 38 40 41 
39 40 42 43 
40 41 43 44 
42 43 45 46 
43 44 46 47 
45 46 48 49 
46 47 49 50 
48 49 51 52 
49 50 52 53 
51 52 54 55 
52 53 55 56 
54 55 57 58 
55 56 58 59 
57 58 60 61 
58 59 61 62 
60 61 63 64 
61 62 64 65 
63 64 66 67 
64 65 67 68 
66 67 69 70 
67 68 70 71 
69 70 72 73 
70 71 73 74 
72 73 75 76 
73 74 76 77 
75 76 78 79 
76 77 79 80 
78 79 81 82 
79 80 82 83 
81 82 84 85 
82 83 85 86 
84 85 87 88 
85 86 88 89 
87 88 90 91 
88 89 91 92 
90 91 93 94 
91 92 94 95 
93 94 96 97 
94 95 97 98 
96 97 99 100 
97 98 100 101 
99 100 102 103 
100 101 103 104 
102 103 105 106 
103 104 106 107 
105 106 108 109 
106 107 109 110 
108 109 111 112 
109 110 112 113 
111 112 114 115 
112 113 115 116 
114 115 117 118 
115 116 118 119 
117 118 120 121 
118 119 121 122 
120 121 123 124 
121 122 124 125 
123 124 126 127 
124 125 127 128 
126 127 129 130 
127 128 130 131 
129 130 132 133 
130 131 133 134 
132 133 135 136 
133 134 136 137 
135 136 138 139 
136 137 139 140 
138 139 141 142 
139 140 142 143 
141 142 144 145 
142 143 145 146 
144 145 147 148 
145 146 148 149 
147 148 150 151 
148 149 151 152 
150 151 153 154 
151 152 154 155 
153 154 156 157 
154 155 157 158 
156 157 159 160 
157 158 160 161 
159 160 162 163 
160 161 163 164 
162 163 165 166 
163 164 166 167 
165 166 168 169 
166 167 169 170 
168 169 171 172 
169 170 172 173 
171 172 174 175 
172 173 175 176 
174 175 177 178 
175 176 178 179 
177 178 180 181 
178 179 181 182 
180 181 183 184 
181 182 184 185 
183 184 186 187 
184 185 187 188 
186 187 189 190 
187 188 190 191 
189 190 192 193 
190 191 193 194 
192 193 195 196 
193 194 196 197 
195 196 198 199 
196 197 199 200 
198 199 201 202 
199 200 202 203 
201 202 204 205 
202 203 205 206 
204 205 207 208 
205 206 208 209 
207 208 210 211 
208 209 211 212 
210 211 213 214 
211 212 214 215 
213 214 216 217 
214 215 217 218 
216 217 219 220 
217 218 220 221 
219 220 222 223 
220 221 223 224 
222 223 225 226 
223 224 226 227 
225 226 228 229 
226 227 229 230 
228 229 231 232 
229 230 232 233 
231 232 234 235 
232 233 235 236 
234 235 237 238 
235 236 238 239 
237 238 240 241 
238 239 241 242 
240 241 243 244 
241 242 244 245 
243 244 246 247 
244 245 247 248 
246 247 249 250 
247 248 250 251 
249 250 252 253 
250 251 253 254 
252 253 255 256 
253 254 256 257 
255 256 258 259 
256 257 259 260 
258 259 261 262 
259 260 262 263 
261 262 264 265 
262 263 265 266 
264 265 267 268 
265 266 268 269 
267 268 270 271 
268 269 271 272 
270 271 273 274 
271 272 274 275 
273 274 276 277 
274 275 277 278 
276 277 279 280 
277 278 280 281 
279 280 282 283 
280 281 283 284 
282 283 285 286 
283 284 286 287 
285 286 288 289 
286 287 289 290 
288 289 291 292 
289 290 292 293 
291 292 294 295 
292 293 295 296 
294 295 297 298 
295 296 298 299 
297 298 300 301 
298 299 301 302 
300 301 303 304 
301 302 304 305 
303 304 306 307 
304 305 307 308 
306 307 309 310 
307 308 310 311 
309 310 312 313 
310 311 313 314 
312 313 315 316 
313 314 316 317 
315 316 318 319 
316 317 319 320 
318 319 321 322 
319 320 322 323 
321 322 324 325 
322 323 325 326 
324 325 327 328 
325 326 328 329 
327 328 330 331 
328 329 331 332 
330 331 333 334 
331 332 334 335 
333 334 336 337 
334 335 337 338 
336 337 339 340 
337 338 340 341 
339 340 342 343 
340 341 343 344 
342 343 345 346 
343 344 346 347 
345 346 348 349 
346 347 349 350 
348 349 351 352 
349 350 352 353 
351 352 354 355 
352 353 355 356 
354 355 357 358 
355 356 358 359 
357 358 360 361 
358 359 361 362 
360 361 363 364 
361 362 364 365 
363 364 366 367 
364 365 367 368 
366 367 369 370 
367 368 370 371 
369 370 372 373 
370 371 373 374 
372 373 375 376 
373 374 376 377 
375 376 378 379 
376 377 379 380 
378 379 381 382 
379 380 382 383 
