4

X0
198
101
202
303
404
505
606
707
808
909
1010
1111
1212
1313
1414
1515
1616
1717
1818
1919
2020
2121
2222
2323
2424
2525
2626
2727
2828
2929
3030
3131
3232
3333
3434
3535
3636
3737
3838
3939
4040
4141
4242
4343
4444
4545
4646
4747
4848
4949
5050
5151
5252
5353
5454
5555
5656
5757
5858
5959
6060
6161
6262
6363
6464
6565
6666
6767
6868
6969
7070
7171
7272
7373
7474
7575
7676
7777
7878
7979
8080
8181
8282
8383
8484
8585
8686
8787
8888
8989
9090
9191
9292
9393
9494
9595
9696
9797
9898
9999
10100
10201
10302
10403
10504
10605
10706
10807
10908
11009
11110
11211
11312
11413
11514
11615
11716
11817
11918
12019
12120
12221
12322
12423
12524
12625
12726
12827
12928
13029
13130
13231
13332
13433
13534
13635
13736
13837
13938
14039
14140
14241
14342
14443
14544
14645
14746
14847
14948
15049
15150
15251
15352
15453
15554
15655
15756
15857
15958
16059
16160
16261
16362
16463
16564
16665
16766
16867
16968
17069
17170
17271
17372
17473
17574
17675
17776
17877
17978
18079
18180
18281
18382
18483
18584
18685
18786
18887
18988
19089
19190
19291
19392
19493
19594
19695
19796
19897
19998

X1
198
201
302
403
504
605
706
807
908
1009
1110
1211
1312
1413
1514
1615
1716
1817
1918
2019
2120
2221
2322
2423
2524
2625
2726
2827
2928
3029
3130
3231
3332
3433
3534
3635
3736
3837
3938
4039
4140
4241
4342
4443
4544
4645
4746
4847
4948
5049
5150
5251
5352
5453
5554
5655
5756
5857
5958
6059
6160
6261
6362
6463
6564
6665
6766
6867
6968
7069
7170
7271
7372
7473
7574
7675
7776
7877
7978
8079
8180
8281
8382
8483
8584
8685
8786
8887
8988
9089
9190
9291
9392
9493
9594
9695
9796
9897
9998
10099
10200
10301
10402
10503
10604
10705
10806
10907
11008
11109
11210
11311
11412
11513
11614
11715
11816
11917
12018
12119
12220
12321
12422
12523
12624
12725
12826
12927
13028
13129
13230
13331
13432
13533
13634
13735
13836
13937
14038
14139
14240
14341
14442
14543
14644
14745
14846
14947
15048
15149
15250
15351
15452
15553
15654
15755
15856
15957
16058
16159
16260
16361
16462
16563
16664
16765
16866
16967
17068
17169
17270
17371
17472
17573
17674
17775
17876
17977
18078
18179
18280
18381
18482
18583
18684
18785
18886
18987
19088
19189
19290
19391
19492
19593
19694
19795
19896
19997
20098

Y0
101
0
1
2
3
4
5
6
7
8
9
10
11
12
13
14
15
16
17
18
19
20
21
22
23
24
25
26
27
28
29
30
31
32
33
34
35
36
37
38
39
40
41
42
43
44
45
46
47
48
49
50
51
52
53
54
55
56
57
58
59
60
61
62
63
64
65
66
67
68
69
70
71
72
73
74
75
76
77
78
79
80
81
82
83
84
85
86
87
88
89
90
91
92
93
94
95
96
97
98
99
100

Y1
101
20099
20100
20101
20102
20103
20104
20105
20106
20107
20108
20109
20110
20111
20112
20113
20114
20115
20116
20117
20118
20119
20120
20121
20122
20123
20124
20125
20126
20127
20128
20129
20130
20131
20132
20133
20134
20135
20136
20137
20138
20139
20140
20141
20142
20143
20144
20145
20146
20147
20148
20149
20150
20151
20152
20153
20154
20155
20156
20157
20158
20159
20160
20161
20162
20163
20164
20165
20166
20167
20168
20169
20170
20171
20172
20173
20174
20175
20176
20177
20178
20179
20180
20181
20182
20183
20184
20185
20186
20187
20188
20189
20190
20191
20192
20193
20194
20195
20196
20197
20198
20199

