4

X0
4094
3
6
9
12
15
18
21
24
27
30
33
36
39
42
45
48
51
54
57
60
63
66
69
72
75
78
81
84
87
90
93
96
99
102
105
108
111
114
117
120
123
126
129
132
135
138
141
144
147
150
153
156
159
162
165
168
171
174
177
180
183
186
189
192
195
198
201
204
207
210
213
216
219
222
225
228
231
234
237
240
243
246
249
252
255
258
261
264
267
270
273
276
279
282
285
288
291
294
297
300
303
306
309
312
315
318
321
324
327
330
333
336
339
342
345
348
351
354
357
360
363
366
369
372
375
378
381
384
387
390
393
396
399
402
405
408
411
414
417
420
423
426
429
432
435
438
441
444
447
450
453
456
459
462
465
468
471
474
477
480
483
486
489
492
495
498
501
504
507
510
513
516
519
522
525
528
531
534
537
540
543
546
549
552
555
558
561
564
567
570
573
576
579
582
585
588
591
594
597
600
603
606
609
612
615
618
621
624
627
630
633
636
639
642
645
648
651
654
657
660
663
666
669
672
675
678
681
684
687
690
693
696
699
702
705
708
711
714
717
720
723
726
729
732
735
738
741
744
747
750
753
756
759
762
765
768
771
774
777
780
783
786
789
792
795
798
801
804
807
810
813
816
819
822
825
828
831
834
837
840
843
846
849
852
855
858
861
864
867
870
873
876
879
882
885
888
891
894
897
900
903
906
909
912
915
918
921
924
927
930
933
936
939
942
945
948
951
954
957
960
963
966
969
972
975
978
981
984
987
990
993
996
999
1002
1005
1008
1011
1014
1017
1020
1023
1026
1029
1032
1035
1038
1041
1044
1047
1050
1053
1056
1059
1062
1065
1068
1071
1074
1077
1080
1083
1086
1089
1092
1095
1098
1101
1104
1107
1110
1113
1116
1119
1122
1125
1128
1131
1134
1137
1140
1143
1146
1149
1152
1155
1158
1161
1164
1167
1170
1173
1176
1179
1182
1185
1188
1191
1194
1197
1200
1203
1206
1209
1212
1215
1218
1221
1224
1227
1230
1233
1236
1239
1242
1245
1248
1251
1254
1257
1260
1263
1266
1269
1272
1275
1278
1281
1284
1287
1290
1293
1296
1299
1302
1305
1308
1311
1314
1317
1320
1323
1326
1329
1332
1335
1338
1341
1344
1347
1350
1353
1356
1359
1362
1365
1368
1371
1374
1377
1380
1383
1386
1389
1392
1395
1398
1401
1404
1407
1410
1413
1416
1419
1422
1425
1428
1431
1434
1437
1440
1443
1446
1449
1452
1455
1458
1461
1464
1467
1470
1473
1476
1479
1482
1485
1488
1491
1494
1497
1500
1503
1506
1509
1512
1515
1518
1521
1524
1527
1530
1533
1536
1539
1542
1545
1548
1551
1554
1557
1560
1563
1566
1569
1572
1575
1578
1581
1584
1587
1590
1593
1596
1599
1602
1605
1608
1611
1614
1617
1620
1623
1626
1629
1632
1635
1638
1641
1644
1647
1650
1653
1656
1659
1662
1665
1668
1671
1674
1677
1680
1683
1686
1689
1692
1695
1698
1701
1704
1707
1710
1713
1716
1719
1722
1725
1728
1731
1734
1737
1740
1743
1746
1749
1752
1755
1758
1761
1764
1767
1770
1773
1776
1779
1782
1785
1788
1791
1794
1797
1800
1803
1806
1809
1812
1815
1818
1821
1824
1827
1830
1833
1836
1839
1842
1845
1848
1851
1854
1857
1860
1863
1866
1869
1872
1875
1878
1881
1884
1887
1890
1893
1896
1899
1902
1905
1908
1911
1914
1917
1920
1923
1926
1929
1932
1935
1938
1941
1944
1947
1950
1953
1956
1959
1962
1965
1968
1971
1974
1977
1980
1983
1986
1989
1992
1995
1998
2001
2004
2007
2010
2013
2016
2019
2022
2025
2028
2031
2034
2037
2040
2043
2046
2049
2052
2055
2058
2061
2064
2067
2070
2073
2076
2079
2082
2085
2088
2091
2094
2097
2100
2103
2106
2109
2112
2115
2118
2121
2124
2127
2130
2133
2136
2139
2142
2145
2148
2151
2154
2157
2160
2163
2166
2169
2172
2175
2178
2181
2184
2187
2190
2193
2196
2199
2202
2205
2208
2211
2214
2217
2220
2223
2226
2229
2232
2235
2238
2241
2244
2247
2250
2253
2256
2259
2262
2265
2268
2271
2274
2277
2280
2283
2286
2289
2292
2295
2298
2301
2304
2307
2310
2313
2316
2319
2322
2325
2328
2331
2334
2337
2340
2343
2346
2349
2352
2355
2358
2361
2364
2367
2370
2373
2376
2379
2382
2385
2388
2391
2394
2397
2400
2403
2406
2409
2412
2415
2418
2421
2424
2427
2430
2433
2436
2439
2442
2445
2448
2451
2454
2457
2460
2463
2466
2469
2472
2475
2478
2481
2484
2487
2490
2493
2496
2499
2502
2505
2508
2511
2514
2517
2520
2523
2526
2529
2532
2535
2538
2541
2544
2547
2550
2553
2556
2559
2562
2565
2568
2571
2574
2577
2580
2583
2586
2589
2592
2595
2598
2601
2604
2607
2610
2613
2616
2619
2622
2625
2628
2631
2634
2637
2640
2643
2646
2649
2652
2655
2658
2661
2664
2667
2670
2673
2676
2679
2682
2685
2688
2691
2694
2697
2700
2703
2706
2709
2712
2715
2718
2721
2724
2727
2730
2733
2736
2739
2742
2745
2748
2751
2754
2757
2760
2763
2766
2769
2772
2775
2778
2781
2784
2787
2790
2793
2796
2799
2802
2805
2808
2811
2814
2817
2820
2823
2826
2829
2832
2835
2838
2841
2844
2847
2850
2853
2856
2859
2862
2865
2868
2871
2874
2877
2880
2883
2886
2889
2892
2895
2898
2901
2904
2907
2910
2913
2916
2919
2922
2925
2928
2931
2934
2937
2940
2943
2946
2949
2952
2955
2958
2961
2964
2967
2970
2973
2976
2979
2982
2985
2988
2991
2994
2997
3000
3003
3006
3009
3012
3015
3018
3021
3024
3027
3030
3033
3036
3039
3042
3045
3048
3051
3054
3057
3060
3063
3066
3069
3072
3075
3078
3081
3084
3087
3090
3093
3096
3099
3102
3105
3108
3111
3114
3117
3120
3123
3126
3129
3132
3135
3138
3141
3144
3147
3150
3153
3156
3159
3162
3165
3168
3171
3174
3177
3180
3183
3186
3189
3192
3195
3198
3201
3204
3207
3210
3213
3216
3219
3222
3225
3228
3231
3234
3237
3240
3243
3246
3249
3252
3255
3258
3261
3264
3267
3270
3273
3276
3279
3282
3285
3288
3291
3294
3297
3300
3303
3306
3309
3312
3315
3318
3321
3324
3327
3330
3333
3336
3339
3342
3345
3348
3351
3354
3357
3360
3363
3366
3369
3372
3375
3378
3381
3384
3387
3390
3393
3396
3399
3402
3405
3408
3411
3414
3417
3420
3423
3426
3429
3432
3435
3438
3441
3444
3447
3450
3453
3456
3459
3462
3465
3468
3471
3474
3477
3480
3483
3486
3489
3492
3495
3498
3501
3504
3507
3510
3513
3516
3519
3522
3525
3528
3531
3534
3537
3540
3543
3546
3549
3552
3555
3558
3561
3564
3567
3570
3573
3576
3579
3582
3585
3588
3591
3594
3597
3600
3603
3606
3609
3612
3615
3618
3621
3624
3627
3630
3633
3636
3639
3642
3645
3648
3651
3654
3657
3660
3663
3666
3669
3672
3675
3678
3681
3684
3687
3690
3693
3696
3699
3702
3705
3708
3711
3714
3717
3720
3723
3726
3729
3732
3735
3738
3741
3744
3747
3750
3753
3756
3759
3762
3765
3768
3771
3774
3777
3780
3783
3786
3789
3792
3795
3798
3801
3804
3807
3810
3813
3816
3819
3822
3825
3828
3831
3834
3837
3840
3843
3846
3849
3852
3855
3858
3861
3864
3867
3870
3873
3876
3879
3882
3885
3888
3891
3894
3897
3900
3903
3906
3909
3912
3915
3918
3921
3924
3927
3930
3933
3936
3939
3942
3945
3948
3951
3954
3957
3960
3963
3966
3969
3972
3975
3978
3981
3984
3987
3990
3993
3996
3999
4002
4005
4008
4011
4014
4017
4020
4023
4026
4029
4032
4035
4038
4041
4044
4047
4050
4053
4056
4059
4062
4065
4068
4071
4074
4077
4080
4083
4086
4089
4092
4095
4098
4101
4104
4107
4110
4113
4116
4119
4122
4125
4128
4131
4134
4137
4140
4143
4146
4149
4152
4155
4158
4161
4164
4167
4170
4173
4176
4179
4182
4185
4188
4191
4194
4197
4200
4203
4206
4209
4212
4215
4218
4221
4224
4227
4230
4233
4236
4239
4242
4245
4248
4251
4254
4257
4260
4263
4266
4269
4272
4275
4278
4281
4284
4287
4290
4293
4296
4299
4302
4305
4308
4311
4314
4317
4320
4323
4326
4329
4332
4335
4338
4341
4344
4347
4350
4353
4356
4359
4362
4365
4368
4371
4374
4377
4380
4383
4386
4389
4392
4395
4398
4401
4404
4407
4410
4413
4416
4419
4422
4425
4428
4431
4434
4437
4440
4443
4446
4449
4452
4455
4458
4461
4464
4467
4470
4473
4476
4479
4482
4485
4488
4491
4494
4497
4500
4503
4506
4509
4512
4515
4518
4521
4524
4527
4530
4533
4536
4539
4542
4545
4548
4551
4554
4557
4560
4563
4566
4569
4572
4575
4578
4581
4584
4587
4590
4593
4596
4599
4602
4605
4608
4611
4614
4617
4620
4623
4626
4629
4632
4635
4638
4641
4644
4647
4650
4653
4656
4659
4662
4665
4668
4671
4674
4677
4680
4683
4686
4689
4692
4695
4698
4701
4704
4707
4710
4713
4716
4719
4722
4725
4728
4731
4734
4737
4740
4743
4746
4749
4752
4755
4758
4761
4764
4767
4770
4773
4776
4779
4782
4785
4788
4791
4794
4797
4800
4803
4806
4809
4812
4815
4818
4821
4824
4827
4830
4833
4836
4839
4842
4845
4848
4851
4854
4857
4860
4863
4866
4869
4872
4875
4878
4881
4884
4887
4890
4893
4896
4899
4902
4905
4908
4911
4914
4917
4920
4923
4926
4929
4932
4935
4938
4941
4944
4947
4950
4953
4956
4959
4962
4965
4968
4971
4974
4977
4980
4983
4986
4989
4992
4995
4998
5001
5004
5007
5010
5013
5016
5019
5022
5025
5028
5031
5034
5037
5040
5043
5046
5049
5052
5055
5058
5061
5064
5067
5070
5073
5076
5079
5082
5085
5088
5091
5094
5097
5100
5103
5106
5109
5112
5115
5118
5121
5124
5127
5130
5133
5136
5139
5142
5145
5148
5151
5154
5157
5160
5163
5166
5169
5172
5175
5178
5181
5184
5187
5190
5193
5196
5199
5202
5205
5208
5211
5214
5217
5220
5223
5226
5229
5232
5235
5238
5241
5244
5247
5250
5253
5256
5259
5262
5265
5268
5271
5274
5277
5280
5283
5286
5289
5292
5295
5298
5301
5304
5307
5310
5313
5316
5319
5322
5325
5328
5331
5334
5337
5340
5343
5346
5349
5352
5355
5358
5361
5364
5367
5370
5373
5376
5379
5382
5385
5388
5391
5394
5397
5400
5403
5406
5409
5412
5415
5418
5421
5424
5427
5430
5433
5436
5439
5442
5445
5448
5451
5454
5457
5460
5463
5466
5469
5472
5475
5478
5481
5484
5487
5490
5493
5496
5499
5502
5505
5508
5511
5514
5517
5520
5523
5526
5529
5532
5535
5538
5541
5544
5547
5550
5553
5556
5559
5562
5565
5568
5571
5574
5577
5580
5583
5586
5589
5592
5595
5598
5601
5604
5607
5610
5613
5616
5619
5622
5625
5628
5631
5634
5637
5640
5643
5646
5649
5652
5655
5658
5661
5664
5667
5670
5673
5676
5679
5682
5685
5688
5691
5694
5697
5700
5703
5706
5709
5712
5715
5718
5721
5724
5727
5730
5733
5736
5739
5742
5745
5748
5751
5754
5757
5760
5763
5766
5769
5772
5775
5778
5781
5784
5787
5790
5793
5796
5799
5802
5805
5808
5811
5814
5817
5820
5823
5826
5829
5832
5835
5838
5841
5844
5847
5850
5853
5856
5859
5862
5865
5868
5871
5874
5877
5880
5883
5886
5889
5892
5895
5898
5901
5904
5907
5910
5913
5916
5919
5922
5925
5928
5931
5934
5937
5940
5943
5946
5949
5952
5955
5958
5961
5964
5967
5970
5973
5976
5979
5982
5985
5988
5991
5994
5997
6000
6003
6006
6009
6012
6015
6018
6021
6024
6027
6030
6033
6036
6039
6042
6045
6048
6051
6054
6057
6060
6063
6066
6069
6072
6075
6078
6081
6084
6087
6090
6093
6096
6099
6102
6105
6108
6111
6114
6117
6120
6123
6126
6129
6132
6135
6138
6141
6144
6147
6150
6153
6156
6159
6162
6165
6168
6171
6174
6177
6180
6183
6186
6189
6192
6195
6198
6201
6204
6207
6210
6213
6216
6219
6222
6225
6228
6231
6234
6237
6240
6243
6246
6249
6252
6255
6258
6261
6264
6267
6270
6273
6276
6279
6282
6285
6288
6291
6294
6297
6300
6303
6306
6309
6312
6315
6318
6321
6324
6327
6330
6333
6336
6339
6342
6345
6348
6351
6354
6357
6360
6363
6366
6369
6372
6375
6378
6381
6384
6387
6390
6393
6396
6399
6402
6405
6408
6411
6414
6417
6420
6423
6426
6429
6432
6435
6438
6441
6444
6447
6450
6453
6456
6459
6462
6465
6468
6471
6474
6477
6480
6483
6486
6489
6492
6495
6498
6501
6504
6507
6510
6513
6516
6519
6522
6525
6528
6531
6534
6537
6540
6543
6546
6549
6552
6555
6558
6561
6564
6567
6570
6573
6576
6579
6582
6585
6588
6591
6594
6597
6600
6603
6606
6609
6612
6615
6618
6621
6624
6627
6630
6633
6636
6639
6642
6645
6648
6651
6654
6657
6660
6663
6666
6669
6672
6675
6678
6681
6684
6687
6690
6693
6696
6699
6702
6705
6708
6711
6714
6717
6720
6723
6726
6729
6732
6735
6738
6741
6744
6747
6750
6753
6756
6759
6762
6765
6768
6771
6774
6777
6780
6783
6786
6789
6792
6795
6798
6801
6804
6807
6810
6813
6816
6819
6822
6825
6828
6831
6834
6837
6840
6843
6846
6849
6852
6855
6858
6861
6864
6867
6870
6873
6876
6879
6882
6885
6888
6891
6894
6897
6900
6903
6906
6909
6912
6915
6918
6921
6924
6927
6930
6933
6936
6939
6942
6945
6948
6951
6954
6957
6960
6963
6966
6969
6972
6975
6978
6981
6984
6987
6990
6993
6996
6999
7002
7005
7008
7011
7014
7017
7020
7023
7026
7029
7032
7035
7038
7041
7044
7047
7050
7053
7056
7059
7062
7065
7068
7071
7074
7077
7080
7083
7086
7089
7092
7095
7098
7101
7104
7107
7110
7113
7116
7119
7122
7125
7128
7131
7134
7137
7140
7143
7146
7149
7152
7155
7158
7161
7164
7167
7170
7173
7176
7179
7182
7185
7188
7191
7194
7197
7200
7203
7206
7209
7212
7215
7218
7221
7224
7227
7230
7233
7236
7239
7242
7245
7248
7251
7254
7257
7260
7263
7266
7269
7272
7275
7278
7281
7284
7287
7290
7293
7296
7299
7302
7305
7308
7311
7314
7317
7320
7323
7326
7329
7332
7335
7338
7341
7344
7347
7350
7353
7356
7359
7362
7365
7368
7371
7374
7377
7380
7383
7386
7389
7392
7395
7398
7401
7404
7407
7410
7413
7416
7419
7422
7425
7428
7431
7434
7437
7440
7443
7446
7449
7452
7455
7458
7461
7464
7467
7470
7473
7476
7479
7482
7485
7488
7491
7494
7497
7500
7503
7506
7509
7512
7515
7518
7521
7524
7527
7530
7533
7536
7539
7542
7545
7548
7551
7554
7557
7560
7563
7566
7569
7572
7575
7578
7581
7584
7587
7590
7593
7596
7599
7602
7605
7608
7611
7614
7617
7620
7623
7626
7629
7632
7635
7638
7641
7644
7647
7650
7653
7656
7659
7662
7665
7668
7671
7674
7677
7680
7683
7686
7689
7692
7695
7698
7701
7704
7707
7710
7713
7716
7719
7722
7725
7728
7731
7734
7737
7740
7743
7746
7749
7752
7755
7758
7761
7764
7767
7770
7773
7776
7779
7782
7785
7788
7791
7794
7797
7800
7803
7806
7809
7812
7815
7818
7821
7824
7827
7830
7833
7836
7839
7842
7845
7848
7851
7854
7857
7860
7863
7866
7869
7872
7875
7878
7881
7884
7887
7890
7893
7896
7899
7902
7905
7908
7911
7914
7917
7920
7923
7926
7929
7932
7935
7938
7941
7944
7947
7950
7953
7956
7959
7962
7965
7968
7971
7974
7977
7980
7983
7986
7989
7992
7995
7998
8001
8004
8007
8010
8013
8016
8019
8022
8025
8028
8031
8034
8037
8040
8043
8046
8049
8052
8055
8058
8061
8064
8067
8070
8073
8076
8079
8082
8085
8088
8091
8094
8097
8100
8103
8106
8109
8112
8115
8118
8121
8124
8127
8130
8133
8136
8139
8142
8145
8148
8151
8154
8157
8160
8163
8166
8169
8172
8175
8178
8181
8184
8187
8190
8193
8196
8199
8202
8205
8208
8211
8214
8217
8220
8223
8226
8229
8232
8235
8238
8241
8244
8247
8250
8253
8256
8259
8262
8265
8268
8271
8274
8277
8280
8283
8286
8289
8292
8295
8298
8301
8304
8307
8310
8313
8316
8319
8322
8325
8328
8331
8334
8337
8340
8343
8346
8349
8352
8355
8358
8361
8364
8367
8370
8373
8376
8379
8382
8385
8388
8391
8394
8397
8400
8403
8406
8409
8412
8415
8418
8421
8424
8427
8430
8433
8436
8439
8442
8445
8448
8451
8454
8457
8460
8463
8466
8469
8472
8475
8478
8481
8484
8487
8490
8493
8496
8499
8502
8505
8508
8511
8514
8517
8520
8523
8526
8529
8532
8535
8538
8541
8544
8547
8550
8553
8556
8559
8562
8565
8568
8571
8574
8577
8580
8583
8586
8589
8592
8595
8598
8601
8604
8607
8610
8613
8616
8619
8622
8625
8628
8631
8634
8637
8640
8643
8646
8649
8652
8655
8658
8661
8664
8667
8670
8673
8676
8679
8682
8685
8688
8691
8694
8697
8700
8703
8706
8709
8712
8715
8718
8721
8724
8727
8730
8733
8736
8739
8742
8745
8748
8751
8754
8757
8760
8763
8766
8769
8772
8775
8778
8781
8784
8787
8790
8793
8796
8799
8802
8805
8808
8811
8814
8817
8820
8823
8826
8829
8832
8835
8838
8841
8844
8847
8850
8853
8856
8859
8862
8865
8868
8871
8874
8877
8880
8883
8886
8889
8892
8895
8898
8901
8904
8907
8910
8913
8916
8919
8922
8925
8928
8931
8934
8937
8940
8943
8946
8949
8952
8955
8958
8961
8964
8967
8970
8973
8976
8979
8982
8985
8988
8991
8994
8997
9000
9003
9006
9009
9012
9015
9018
9021
9024
9027
9030
9033
9036
9039
9042
9045
9048
9051
9054
9057
9060
9063
9066
9069
9072
9075
9078
9081
9084
9087
9090
9093
9096
9099
9102
9105
9108
9111
9114
9117
9120
9123
9126
9129
9132
9135
9138
9141
9144
9147
9150
9153
9156
9159
9162
9165
9168
9171
9174
9177
9180
9183
9186
9189
9192
9195
9198
9201
9204
9207
9210
9213
9216
9219
9222
9225
9228
9231
9234
9237
9240
9243
9246
9249
9252
9255
9258
9261
9264
9267
9270
9273
9276
9279
9282
9285
9288
9291
9294
9297
9300
9303
9306
9309
9312
9315
9318
9321
9324
9327
9330
9333
9336
9339
9342
9345
9348
9351
9354
9357
9360
9363
9366
9369
9372
9375
9378
9381
9384
9387
9390
9393
9396
9399
9402
9405
9408
9411
9414
9417
9420
9423
9426
9429
9432
9435
9438
9441
9444
9447
9450
9453
9456
9459
9462
9465
9468
9471
9474
9477
9480
9483
9486
9489
9492
9495
9498
9501
9504
9507
9510
9513
9516
9519
9522
9525
9528
9531
9534
9537
9540
9543
9546
9549
9552
9555
9558
9561
9564
9567
9570
9573
9576
9579
9582
9585
9588
9591
9594
9597
9600
9603
9606
9609
9612
9615
9618
9621
9624
9627
9630
9633
9636
9639
9642
9645
9648
9651
9654
9657
9660
9663
9666
9669
9672
9675
9678
9681
9684
9687
9690
9693
9696
9699
9702
9705
9708
9711
9714
9717
9720
9723
9726
9729
9732
9735
9738
9741
9744
9747
9750
9753
9756
9759
9762
9765
9768
9771
9774
9777
9780
9783
9786
9789
9792
9795
9798
9801
9804
9807
9810
9813
9816
9819
9822
9825
9828
9831
9834
9837
9840
9843
9846
9849
9852
9855
9858
9861
9864
9867
9870
9873
9876
9879
9882
9885
9888
9891
9894
9897
9900
9903
9906
9909
9912
9915
9918
9921
9924
9927
9930
9933
9936
9939
9942
9945
9948
9951
9954
9957
9960
9963
9966
9969
9972
9975
9978
9981
9984
9987
9990
9993
9996
9999
10002
10005
10008
10011
10014
10017
10020
10023
10026
10029
10032
10035
10038
10041
10044
10047
10050
10053
10056
10059
10062
10065
10068
10071
10074
10077
10080
10083
10086
10089
10092
10095
10098
10101
10104
10107
10110
10113
10116
10119
10122
10125
10128
10131
10134
10137
10140
10143
10146
10149
10152
10155
10158
10161
10164
10167
10170
10173
10176
10179
10182
10185
10188
10191
10194
10197
10200
10203
10206
10209
10212
10215
10218
10221
10224
10227
10230
10233
10236
10239
10242
10245
10248
10251
10254
10257
10260
10263
10266
10269
10272
10275
10278
10281
10284
10287
10290
10293
10296
10299
10302
10305
10308
10311
10314
10317
10320
10323
10326
10329
10332
10335
10338
10341
10344
10347
10350
10353
10356
10359
10362
10365
10368
10371
10374
10377
10380
10383
10386
10389
10392
10395
10398
10401
10404
10407
10410
10413
10416
10419
10422
10425
10428
10431
10434
10437
10440
10443
10446
10449
10452
10455
10458
10461
10464
10467
10470
10473
10476
10479
10482
10485
10488
10491
10494
10497
10500
10503
10506
10509
10512
10515
10518
10521
10524
10527
10530
10533
10536
10539
10542
10545
10548
10551
10554
10557
10560
10563
10566
10569
10572
10575
10578
10581
10584
10587
10590
10593
10596
10599
10602
10605
10608
10611
10614
10617
10620
10623
10626
10629
10632
10635
10638
10641
10644
10647
10650
10653
10656
10659
10662
10665
10668
10671
10674
10677
10680
10683
10686
10689
10692
10695
10698
10701
10704
10707
10710
10713
10716
10719
10722
10725
10728
10731
10734
10737
10740
10743
10746
10749
10752
10755
10758
10761
10764
10767
10770
10773
10776
10779
10782
10785
10788
10791
10794
10797
10800
10803
10806
10809
10812
10815
10818
10821
10824
10827
10830
10833
10836
10839
10842
10845
10848
10851
10854
10857
10860
10863
10866
10869
10872
10875
10878
10881
10884
10887
10890
10893
10896
10899
10902
10905
10908
10911
10914
10917
10920
10923
10926
10929
10932
10935
10938
10941
10944
10947
10950
10953
10956
10959
10962
10965
10968
10971
10974
10977
10980
10983
10986
10989
10992
10995
10998
11001
11004
11007
11010
11013
11016
11019
11022
11025
11028
11031
11034
11037
11040
11043
11046
11049
11052
11055
11058
11061
11064
11067
11070
11073
11076
11079
11082
11085
11088
11091
11094
11097
11100
11103
11106
11109
11112
11115
11118
11121
11124
11127
11130
11133
11136
11139
11142
11145
11148
11151
11154
11157
11160
11163
11166
11169
11172
11175
11178
11181
11184
11187
11190
11193
11196
11199
11202
11205
11208
11211
11214
11217
11220
11223
11226
11229
11232
11235
11238
11241
11244
11247
11250
11253
11256
11259
11262
11265
11268
11271
11274
11277
11280
11283
11286
11289
11292
11295
11298
11301
11304
11307
11310
11313
11316
11319
11322
11325
11328
11331
11334
11337
11340
11343
11346
11349
11352
11355
11358
11361
11364
11367
11370
11373
11376
11379
11382
11385
11388
11391
11394
11397
11400
11403
11406
11409
11412
11415
11418
11421
11424
11427
11430
11433
11436
11439
11442
11445
11448
11451
11454
11457
11460
11463
11466
11469
11472
11475
11478
11481
11484
11487
11490
11493
11496
11499
11502
11505
11508
11511
11514
11517
11520
11523
11526
11529
11532
11535
11538
11541
11544
11547
11550
11553
11556
11559
11562
11565
11568
11571
11574
11577
11580
11583
11586
11589
11592
11595
11598
11601
11604
11607
11610
11613
11616
11619
11622
11625
11628
11631
11634
11637
11640
11643
11646
11649
11652
11655
11658
11661
11664
11667
11670
11673
11676
11679
11682
11685
11688
11691
11694
11697
11700
11703
11706
11709
11712
11715
11718
11721
11724
11727
11730
11733
11736
11739
11742
11745
11748
11751
11754
11757
11760
11763
11766
11769
11772
11775
11778
11781
11784
11787
11790
11793
11796
11799
11802
11805
11808
11811
11814
11817
11820
11823
11826
11829
11832
11835
11838
11841
11844
11847
11850
11853
11856
11859
11862
11865
11868
11871
11874
11877
11880
11883
11886
11889
11892
11895
11898
11901
11904
11907
11910
11913
11916
11919
11922
11925
11928
11931
11934
11937
11940
11943
11946
11949
11952
11955
11958
11961
11964
11967
11970
11973
11976
11979
11982
11985
11988
11991
11994
11997
12000
12003
12006
12009
12012
12015
12018
12021
12024
12027
12030
12033
12036
12039
12042
12045
12048
12051
12054
12057
12060
12063
12066
12069
12072
12075
12078
12081
12084
12087
12090
12093
12096
12099
12102
12105
12108
12111
12114
12117
12120
12123
12126
12129
12132
12135
12138
12141
12144
12147
12150
12153
12156
12159
12162
12165
12168
12171
12174
12177
12180
12183
12186
12189
12192
12195
12198
12201
12204
12207
12210
12213
12216
12219
12222
12225
12228
12231
12234
12237
12240
12243
12246
12249
12252
12255
12258
12261
12264
12267
12270
12273
12276
12279
12282

X1
4094
5
8
11
14
17
20
23
26
29
32
35
38
41
44
47
50
53
56
59
62
65
68
71
74
77
80
83
86
89
92
95
98
101
104
107
110
113
116
119
122
125
128
131
134
137
140
143
146
149
152
155
158
161
164
167
170
173
176
179
182
185
188
191
194
197
200
203
206
209
212
215
218
221
224
227
230
233
236
239
242
245
248
251
254
257
260
263
266
269
272
275
278
281
284
287
290
293
296
299
302
305
308
311
314
317
320
323
326
329
332
335
338
341
344
347
350
353
356
359
362
365
368
371
374
377
380
383
386
389
392
395
398
401
404
407
410
413
416
419
422
425
428
431
434
437
440
443
446
449
452
455
458
461
464
467
470
473
476
479
482
485
488
491
494
497
500
503
506
509
512
515
518
521
524
527
530
533
536
539
542
545
548
551
554
557
560
563
566
569
572
575
578
581
584
587
590
593
596
599
602
605
608
611
614
617
620
623
626
629
632
635
638
641
644
647
650
653
656
659
662
665
668
671
674
677
680
683
686
689
692
695
698
701
704
707
710
713
716
719
722
725
728
731
734
737
740
743
746
749
752
755
758
761
764
767
770
773
776
779
782
785
788
791
794
797
800
803
806
809
812
815
818
821
824
827
830
833
836
839
842
845
848
851
854
857
860
863
866
869
872
875
878
881
884
887
890
893
896
899
902
905
908
911
914
917
920
923
926
929
932
935
938
941
944
947
950
953
956
959
962
965
968
971
974
977
980
983
986
989
992
995
998
1001
1004
1007
1010
1013
1016
1019
1022
1025
1028
1031
1034
1037
1040
1043
1046
1049
1052
1055
1058
1061
1064
1067
1070
1073
1076
1079
1082
1085
1088
1091
1094
1097
1100
1103
1106
1109
1112
1115
1118
1121
1124
1127
1130
1133
1136
1139
1142
1145
1148
1151
1154
1157
1160
1163
1166
1169
1172
1175
1178
1181
1184
1187
1190
1193
1196
1199
1202
1205
1208
1211
1214
1217
1220
1223
1226
1229
1232
1235
1238
1241
1244
1247
1250
1253
1256
1259
1262
1265
1268
1271
1274
1277
1280
1283
1286
1289
1292
1295
1298
1301
1304
1307
1310
1313
1316
1319
1322
1325
1328
1331
1334
1337
1340
1343
1346
1349
1352
1355
1358
1361
1364
1367
1370
1373
1376
1379
1382
1385
1388
1391
1394
1397
1400
1403
1406
1409
1412
1415
1418
1421
1424
1427
1430
1433
1436
1439
1442
1445
1448
1451
1454
1457
1460
1463
1466
1469
1472
1475
1478
1481
1484
1487
1490
1493
1496
1499
1502
1505
1508
1511
1514
1517
1520
1523
1526
1529
1532
1535
1538
1541
1544
1547
1550
1553
1556
1559
1562
1565
1568
1571
1574
1577
1580
1583
1586
1589
1592
1595
1598
1601
1604
1607
1610
1613
1616
1619
1622
1625
1628
1631
1634
1637
1640
1643
1646
1649
1652
1655
1658
1661
1664
1667
1670
1673
1676
1679
1682
1685
1688
1691
1694
1697
1700
1703
1706
1709
1712
1715
1718
1721
1724
1727
1730
1733
1736
1739
1742
1745
1748
1751
1754
1757
1760
1763
1766
1769
1772
1775
1778
1781
1784
1787
1790
1793
1796
1799
1802
1805
1808
1811
1814
1817
1820
1823
1826
1829
1832
1835
1838
1841
1844
1847
1850
1853
1856
1859
1862
1865
1868
1871
1874
1877
1880
1883
1886
1889
1892
1895
1898
1901
1904
1907
1910
1913
1916
1919
1922
1925
1928
1931
1934
1937
1940
1943
1946
1949
1952
1955
1958
1961
1964
1967
1970
1973
1976
1979
1982
1985
1988
1991
1994
1997
2000
2003
2006
2009
2012
2015
2018
2021
2024
2027
2030
2033
2036
2039
2042
2045
2048
2051
2054
2057
2060
2063
2066
2069
2072
2075
2078
2081
2084
2087
2090
2093
2096
2099
2102
2105
2108
2111
2114
2117
2120
2123
2126
2129
2132
2135
2138
2141
2144
2147
2150
2153
2156
2159
2162
2165
2168
2171
2174
2177
2180
2183
2186
2189
2192
2195
2198
2201
2204
2207
2210
2213
2216
2219
2222
2225
2228
2231
2234
2237
2240
2243
2246
2249
2252
2255
2258
2261
2264
2267
2270
2273
2276
2279
2282
2285
2288
2291
2294
2297
2300
2303
2306
2309
2312
2315
2318
2321
2324
2327
2330
2333
2336
2339
2342
2345
2348
2351
2354
2357
2360
2363
2366
2369
2372
2375
2378
2381
2384
2387
2390
2393
2396
2399
2402
2405
2408
2411
2414
2417
2420
2423
2426
2429
2432
2435
2438
2441
2444
2447
2450
2453
2456
2459
2462
2465
2468
2471
2474
2477
2480
2483
2486
2489
2492
2495
2498
2501
2504
2507
2510
2513
2516
2519
2522
2525
2528
2531
2534
2537
2540
2543
2546
2549
2552
2555
2558
2561
2564
2567
2570
2573
2576
2579
2582
2585
2588
2591
2594
2597
2600
2603
2606
2609
2612
2615
2618
2621
2624
2627
2630
2633
2636
2639
2642
2645
2648
2651
2654
2657
2660
2663
2666
2669
2672
2675
2678
2681
2684
2687
2690
2693
2696
2699
2702
2705
2708
2711
2714
2717
2720
2723
2726
2729
2732
2735
2738
2741
2744
2747
2750
2753
2756
2759
2762
2765
2768
2771
2774
2777
2780
2783
2786
2789
2792
2795
2798
2801
2804
2807
2810
2813
2816
2819
2822
2825
2828
2831
2834
2837
2840
2843
2846
2849
2852
2855
2858
2861
2864
2867
2870
2873
2876
2879
2882
2885
2888
2891
2894
2897
2900
2903
2906
2909
2912
2915
2918
2921
2924
2927
2930
2933
2936
2939
2942
2945
2948
2951
2954
2957
2960
2963
2966
2969
2972
2975
2978
2981
2984
2987
2990
2993
2996
2999
3002
3005
3008
3011
3014
3017
3020
3023
3026
3029
3032
3035
3038
3041
3044
3047
3050
3053
3056
3059
3062
3065
3068
3071
3074
3077
3080
3083
3086
3089
3092
3095
3098
3101
3104
3107
3110
3113
3116
3119
3122
3125
3128
3131
3134
3137
3140
3143
3146
3149
3152
3155
3158
3161
3164
3167
3170
3173
3176
3179
3182
3185
3188
3191
3194
3197
3200
3203
3206
3209
3212
3215
3218
3221
3224
3227
3230
3233
3236
3239
3242
3245
3248
3251
3254
3257
3260
3263
3266
3269
3272
3275
3278
3281
3284
3287
3290
3293
3296
3299
3302
3305
3308
3311
3314
3317
3320
3323
3326
3329
3332
3335
3338
3341
3344
3347
3350
3353
3356
3359
3362
3365
3368
3371
3374
3377
3380
3383
3386
3389
3392
3395
3398
3401
3404
3407
3410
3413
3416
3419
3422
3425
3428
3431
3434
3437
3440
3443
3446
3449
3452
3455
3458
3461
3464
3467
3470
3473
3476
3479
3482
3485
3488
3491
3494
3497
3500
3503
3506
3509
3512
3515
3518
3521
3524
3527
3530
3533
3536
3539
3542
3545
3548
3551
3554
3557
3560
3563
3566
3569
3572
3575
3578
3581
3584
3587
3590
3593
3596
3599
3602
3605
3608
3611
3614
3617
3620
3623
3626
3629
3632
3635
3638
3641
3644
3647
3650
3653
3656
3659
3662
3665
3668
3671
3674
3677
3680
3683
3686
3689
3692
3695
3698
3701
3704
3707
3710
3713
3716
3719
3722
3725
3728
3731
3734
3737
3740
3743
3746
3749
3752
3755
3758
3761
3764
3767
3770
3773
3776
3779
3782
3785
3788
3791
3794
3797
3800
3803
3806
3809
3812
3815
3818
3821
3824
3827
3830
3833
3836
3839
3842
3845
3848
3851
3854
3857
3860
3863
3866
3869
3872
3875
3878
3881
3884
3887
3890
3893
3896
3899
3902
3905
3908
3911
3914
3917
3920
3923
3926
3929
3932
3935
3938
3941
3944
3947
3950
3953
3956
3959
3962
3965
3968
3971
3974
3977
3980
3983
3986
3989
3992
3995
3998
4001
4004
4007
4010
4013
4016
4019
4022
4025
4028
4031
4034
4037
4040
4043
4046
4049
4052
4055
4058
4061
4064
4067
4070
4073
4076
4079
4082
4085
4088
4091
4094
4097
4100
4103
4106
4109
4112
4115
4118
4121
4124
4127
4130
4133
4136
4139
4142
4145
4148
4151
4154
4157
4160
4163
4166
4169
4172
4175
4178
4181
4184
4187
4190
4193
4196
4199
4202
4205
4208
4211
4214
4217
4220
4223
4226
4229
4232
4235
4238
4241
4244
4247
4250
4253
4256
4259
4262
4265
4268
4271
4274
4277
4280
4283
4286
4289
4292
4295
4298
4301
4304
4307
4310
4313
4316
4319
4322
4325
4328
4331
4334
4337
4340
4343
4346
4349
4352
4355
4358
4361
4364
4367
4370
4373
4376
4379
4382
4385
4388
4391
4394
4397
4400
4403
4406
4409
4412
4415
4418
4421
4424
4427
4430
4433
4436
4439
4442
4445
4448
4451
4454
4457
4460
4463
4466
4469
4472
4475
4478
4481
4484
4487
4490
4493
4496
4499
4502
4505
4508
4511
4514
4517
4520
4523
4526
4529
4532
4535
4538
4541
4544
4547
4550
4553
4556
4559
4562
4565
4568
4571
4574
4577
4580
4583
4586
4589
4592
4595
4598
4601
4604
4607
4610
4613
4616
4619
4622
4625
4628
4631
4634
4637
4640
4643
4646
4649
4652
4655
4658
4661
4664
4667
4670
4673
4676
4679
4682
4685
4688
4691
4694
4697
4700
4703
4706
4709
4712
4715
4718
4721
4724
4727
4730
4733
4736
4739
4742
4745
4748
4751
4754
4757
4760
4763
4766
4769
4772
4775
4778
4781
4784
4787
4790
4793
4796
4799
4802
4805
4808
4811
4814
4817
4820
4823
4826
4829
4832
4835
4838
4841
4844
4847
4850
4853
4856
4859
4862
4865
4868
4871
4874
4877
4880
4883
4886
4889
4892
4895
4898
4901
4904
4907
4910
4913
4916
4919
4922
4925
4928
4931
4934
4937
4940
4943
4946
4949
4952
4955
4958
4961
4964
4967
4970
4973
4976
4979
4982
4985
4988
4991
4994
4997
5000
5003
5006
5009
5012
5015
5018
5021
5024
5027
5030
5033
5036
5039
5042
5045
5048
5051
5054
5057
5060
5063
5066
5069
5072
5075
5078
5081
5084
5087
5090
5093
5096
5099
5102
5105
5108
5111
5114
5117
5120
5123
5126
5129
5132
5135
5138
5141
5144
5147
5150
5153
5156
5159
5162
5165
5168
5171
5174
5177
5180
5183
5186
5189
5192
5195
5198
5201
5204
5207
5210
5213
5216
5219
5222
5225
5228
5231
5234
5237
5240
5243
5246
5249
5252
5255
5258
5261
5264
5267
5270
5273
5276
5279
5282
5285
5288
5291
5294
5297
5300
5303
5306
5309
5312
5315
5318
5321
5324
5327
5330
5333
5336
5339
5342
5345
5348
5351
5354
5357
5360
5363
5366
5369
5372
5375
5378
5381
5384
5387
5390
5393
5396
5399
5402
5405
5408
5411
5414
5417
5420
5423
5426
5429
5432
5435
5438
5441
5444
5447
5450
5453
5456
5459
5462
5465
5468
5471
5474
5477
5480
5483
5486
5489
5492
5495
5498
5501
5504
5507
5510
5513
5516
5519
5522
5525
5528
5531
5534
5537
5540
5543
5546
5549
5552
5555
5558
5561
5564
5567
5570
5573
5576
5579
5582
5585
5588
5591
5594
5597
5600
5603
5606
5609
5612
5615
5618
5621
5624
5627
5630
5633
5636
5639
5642
5645
5648
5651
5654
5657
5660
5663
5666
5669
5672
5675
5678
5681
5684
5687
5690
5693
5696
5699
5702
5705
5708
5711
5714
5717
5720
5723
5726
5729
5732
5735
5738
5741
5744
5747
5750
5753
5756
5759
5762
5765
5768
5771
5774
5777
5780
5783
5786
5789
5792
5795
5798
5801
5804
5807
5810
5813
5816
5819
5822
5825
5828
5831
5834
5837
5840
5843
5846
5849
5852
5855
5858
5861
5864
5867
5870
5873
5876
5879
5882
5885
5888
5891
5894
5897
5900
5903
5906
5909
5912
5915
5918
5921
5924
5927
5930
5933
5936
5939
5942
5945
5948
5951
5954
5957
5960
5963
5966
5969
5972
5975
5978
5981
5984
5987
5990
5993
5996
5999
6002
6005
6008
6011
6014
6017
6020
6023
6026
6029
6032
6035
6038
6041
6044
6047
6050
6053
6056
6059
6062
6065
6068
6071
6074
6077
6080
6083
6086
6089
6092
6095
6098
6101
6104
6107
6110
6113
6116
6119
6122
6125
6128
6131
6134
6137
6140
6143
6146
6149
6152
6155
6158
6161
6164
6167
6170
6173
6176
6179
6182
6185
6188
6191
6194
6197
6200
6203
6206
6209
6212
6215
6218
6221
6224
6227
6230
6233
6236
6239
6242
6245
6248
6251
6254
6257
6260
6263
6266
6269
6272
6275
6278
6281
6284
6287
6290
6293
6296
6299
6302
6305
6308
6311
6314
6317
6320
6323
6326
6329
6332
6335
6338
6341
6344
6347
6350
6353
6356
6359
6362
6365
6368
6371
6374
6377
6380
6383
6386
6389
6392
6395
6398
6401
6404
6407
6410
6413
6416
6419
6422
6425
6428
6431
6434
6437
6440
6443
6446
6449
6452
6455
6458
6461
6464
6467
6470
6473
6476
6479
6482
6485
6488
6491
6494
6497
6500
6503
6506
6509
6512
6515
6518
6521
6524
6527
6530
6533
6536
6539
6542
6545
6548
6551
6554
6557
6560
6563
6566
6569
6572
6575
6578
6581
6584
6587
6590
6593
6596
6599
6602
6605
6608
6611
6614
6617
6620
6623
6626
6629
6632
6635
6638
6641
6644
6647
6650
6653
6656
6659
6662
6665
6668
6671
6674
6677
6680
6683
6686
6689
6692
6695
6698
6701
6704
6707
6710
6713
6716
6719
6722
6725
6728
6731
6734
6737
6740
6743
6746
6749
6752
6755
6758
6761
6764
6767
6770
6773
6776
6779
6782
6785
6788
6791
6794
6797
6800
6803
6806
6809
6812
6815
6818
6821
6824
6827
6830
6833
6836
6839
6842
6845
6848
6851
6854
6857
6860
6863
6866
6869
6872
6875
6878
6881
6884
6887
6890
6893
6896
6899
6902
6905
6908
6911
6914
6917
6920
6923
6926
6929
6932
6935
6938
6941
6944
6947
6950
6953
6956
6959
6962
6965
6968
6971
6974
6977
6980
6983
6986
6989
6992
6995
6998
7001
7004
7007
7010
7013
7016
7019
7022
7025
7028
7031
7034
7037
7040
7043
7046
7049
7052
7055
7058
7061
7064
7067
7070
7073
7076
7079
7082
7085
7088
7091
7094
7097
7100
7103
7106
7109
7112
7115
7118
7121
7124
7127
7130
7133
7136
7139
7142
7145
7148
7151
7154
7157
7160
7163
7166
7169
7172
7175
7178
7181
7184
7187
7190
7193
7196
7199
7202
7205
7208
7211
7214
7217
7220
7223
7226
7229
7232
7235
7238
7241
7244
7247
7250
7253
7256
7259
7262
7265
7268
7271
7274
7277
7280
7283
7286
7289
7292
7295
7298
7301
7304
7307
7310
7313
7316
7319
7322
7325
7328
7331
7334
7337
7340
7343
7346
7349
7352
7355
7358
7361
7364
7367
7370
7373
7376
7379
7382
7385
7388
7391
7394
7397
7400
7403
7406
7409
7412
7415
7418
7421
7424
7427
7430
7433
7436
7439
7442
7445
7448
7451
7454
7457
7460
7463
7466
7469
7472
7475
7478
7481
7484
7487
7490
7493
7496
7499
7502
7505
7508
7511
7514
7517
7520
7523
7526
7529
7532
7535
7538
7541
7544
7547
7550
7553
7556
7559
7562
7565
7568
7571
7574
7577
7580
7583
7586
7589
7592
7595
7598
7601
7604
7607
7610
7613
7616
7619
7622
7625
7628
7631
7634
7637
7640
7643
7646
7649
7652
7655
7658
7661
7664
7667
7670
7673
7676
7679
7682
7685
7688
7691
7694
7697
7700
7703
7706
7709
7712
7715
7718
7721
7724
7727
7730
7733
7736
7739
7742
7745
7748
7751
7754
7757
7760
7763
7766
7769
7772
7775
7778
7781
7784
7787
7790
7793
7796
7799
7802
7805
7808
7811
7814
7817
7820
7823
7826
7829
7832
7835
7838
7841
7844
7847
7850
7853
7856
7859
7862
7865
7868
7871
7874
7877
7880
7883
7886
7889
7892
7895
7898
7901
7904
7907
7910
7913
7916
7919
7922
7925
7928
7931
7934
7937
7940
7943
7946
7949
7952
7955
7958
7961
7964
7967
7970
7973
7976
7979
7982
7985
7988
7991
7994
7997
8000
8003
8006
8009
8012
8015
8018
8021
8024
8027
8030
8033
8036
8039
8042
8045
8048
8051
8054
8057
8060
8063
8066
8069
8072
8075
8078
8081
8084
8087
8090
8093
8096
8099
8102
8105
8108
8111
8114
8117
8120
8123
8126
8129
8132
8135
8138
8141
8144
8147
8150
8153
8156
8159
8162
8165
8168
8171
8174
8177
8180
8183
8186
8189
8192
8195
8198
8201
8204
8207
8210
8213
8216
8219
8222
8225
8228
8231
8234
8237
8240
8243
8246
8249
8252
8255
8258
8261
8264
8267
8270
8273
8276
8279
8282
8285
8288
8291
8294
8297
8300
8303
8306
8309
8312
8315
8318
8321
8324
8327
8330
8333
8336
8339
8342
8345
8348
8351
8354
8357
8360
8363
8366
8369
8372
8375
8378
8381
8384
8387
8390
8393
8396
8399
8402
8405
8408
8411
8414
8417
8420
8423
8426
8429
8432
8435
8438
8441
8444
8447
8450
8453
8456
8459
8462
8465
8468
8471
8474
8477
8480
8483
8486
8489
8492
8495
8498
8501
8504
8507
8510
8513
8516
8519
8522
8525
8528
8531
8534
8537
8540
8543
8546
8549
8552
8555
8558
8561
8564
8567
8570
8573
8576
8579
8582
8585
8588
8591
8594
8597
8600
8603
8606
8609
8612
8615
8618
8621
8624
8627
8630
8633
8636
8639
8642
8645
8648
8651
8654
8657
8660
8663
8666
8669
8672
8675
8678
8681
8684
8687
8690
8693
8696
8699
8702
8705
8708
8711
8714
8717
8720
8723
8726
8729
8732
8735
8738
8741
8744
8747
8750
8753
8756
8759
8762
8765
8768
8771
8774
8777
8780
8783
8786
8789
8792
8795
8798
8801
8804
8807
8810
8813
8816
8819
8822
8825
8828
8831
8834
8837
8840
8843
8846
8849
8852
8855
8858
8861
8864
8867
8870
8873
8876
8879
8882
8885
8888
8891
8894
8897
8900
8903
8906
8909
8912
8915
8918
8921
8924
8927
8930
8933
8936
8939
8942
8945
8948
8951
8954
8957
8960
8963
8966
8969
8972
8975
8978
8981
8984
8987
8990
8993
8996
8999
9002
9005
9008
9011
9014
9017
9020
9023
9026
9029
9032
9035
9038
9041
9044
9047
9050
9053
9056
9059
9062
9065
9068
9071
9074
9077
9080
9083
9086
9089
9092
9095
9098
9101
9104
9107
9110
9113
9116
9119
9122
9125
9128
9131
9134
9137
9140
9143
9146
9149
9152
9155
9158
9161
9164
9167
9170
9173
9176
9179
9182
9185
9188
9191
9194
9197
9200
9203
9206
9209
9212
9215
9218
9221
9224
9227
9230
9233
9236
9239
9242
9245
9248
9251
9254
9257
9260
9263
9266
9269
9272
9275
9278
9281
9284
9287
9290
9293
9296
9299
9302
9305
9308
9311
9314
9317
9320
9323
9326
9329
9332
9335
9338
9341
9344
9347
9350
9353
9356
9359
9362
9365
9368
9371
9374
9377
9380
9383
9386
9389
9392
9395
9398
9401
9404
9407
9410
9413
9416
9419
9422
9425
9428
9431
9434
9437
9440
9443
9446
9449
9452
9455
9458
9461
9464
9467
9470
9473
9476
9479
9482
9485
9488
9491
9494
9497
9500
9503
9506
9509
9512
9515
9518
9521
9524
9527
9530
9533
9536
9539
9542
9545
9548
9551
9554
9557
9560
9563
9566
9569
9572
9575
9578
9581
9584
9587
9590
9593
9596
9599
9602
9605
9608
9611
9614
9617
9620
9623
9626
9629
9632
9635
9638
9641
9644
9647
9650
9653
9656
9659
9662
9665
9668
9671
9674
9677
9680
9683
9686
9689
9692
9695
9698
9701
9704
9707
9710
9713
9716
9719
9722
9725
9728
9731
9734
9737
9740
9743
9746
9749
9752
9755
9758
9761
9764
9767
9770
9773
9776
9779
9782
9785
9788
9791
9794
9797
9800
9803
9806
9809
9812
9815
9818
9821
9824
9827
9830
9833
9836
9839
9842
9845
9848
9851
9854
9857
9860
9863
9866
9869
9872
9875
9878
9881
9884
9887
9890
9893
9896
9899
9902
9905
9908
9911
9914
9917
9920
9923
9926
9929
9932
9935
9938
9941
9944
9947
9950
9953
9956
9959
9962
9965
9968
9971
9974
9977
9980
9983
9986
9989
9992
9995
9998
10001
10004
10007
10010
10013
10016
10019
10022
10025
10028
10031
10034
10037
10040
10043
10046
10049
10052
10055
10058
10061
10064
10067
10070
10073
10076
10079
10082
10085
10088
10091
10094
10097
10100
10103
10106
10109
10112
10115
10118
10121
10124
10127
10130
10133
10136
10139
10142
10145
10148
10151
10154
10157
10160
10163
10166
10169
10172
10175
10178
10181
10184
10187
10190
10193
10196
10199
10202
10205
10208
10211
10214
10217
10220
10223
10226
10229
10232
10235
10238
10241
10244
10247
10250
10253
10256
10259
10262
10265
10268
10271
10274
10277
10280
10283
10286
10289
10292
10295
10298
10301
10304
10307
10310
10313
10316
10319
10322
10325
10328
10331
10334
10337
10340
10343
10346
10349
10352
10355
10358
10361
10364
10367
10370
10373
10376
10379
10382
10385
10388
10391
10394
10397
10400
10403
10406
10409
10412
10415
10418
10421
10424
10427
10430
10433
10436
10439
10442
10445
10448
10451
10454
10457
10460
10463
10466
10469
10472
10475
10478
10481
10484
10487
10490
10493
10496
10499
10502
10505
10508
10511
10514
10517
10520
10523
10526
10529
10532
10535
10538
10541
10544
10547
10550
10553
10556
10559
10562
10565
10568
10571
10574
10577
10580
10583
10586
10589
10592
10595
10598
10601
10604
10607
10610
10613
10616
10619
10622
10625
10628
10631
10634
10637
10640
10643
10646
10649
10652
10655
10658
10661
10664
10667
10670
10673
10676
10679
10682
10685
10688
10691
10694
10697
10700
10703
10706
10709
10712
10715
10718
10721
10724
10727
10730
10733
10736
10739
10742
10745
10748
10751
10754
10757
10760
10763
10766
10769
10772
10775
10778
10781
10784
10787
10790
10793
10796
10799
10802
10805
10808
10811
10814
10817
10820
10823
10826
10829
10832
10835
10838
10841
10844
10847
10850
10853
10856
10859
10862
10865
10868
10871
10874
10877
10880
10883
10886
10889
10892
10895
10898
10901
10904
10907
10910
10913
10916
10919
10922
10925
10928
10931
10934
10937
10940
10943
10946
10949
10952
10955
10958
10961
10964
10967
10970
10973
10976
10979
10982
10985
10988
10991
10994
10997
11000
11003
11006
11009
11012
11015
11018
11021
11024
11027
11030
11033
11036
11039
11042
11045
11048
11051
11054
11057
11060
11063
11066
11069
11072
11075
11078
11081
11084
11087
11090
11093
11096
11099
11102
11105
11108
11111
11114
11117
11120
11123
11126
11129
11132
11135
11138
11141
11144
11147
11150
11153
11156
11159
11162
11165
11168
11171
11174
11177
11180
11183
11186
11189
11192
11195
11198
11201
11204
11207
11210
11213
11216
11219
11222
11225
11228
11231
11234
11237
11240
11243
11246
11249
11252
11255
11258
11261
11264
11267
11270
11273
11276
11279
11282
11285
11288
11291
11294
11297
11300
11303
11306
11309
11312
11315
11318
11321
11324
11327
11330
11333
11336
11339
11342
11345
11348
11351
11354
11357
11360
11363
11366
11369
11372
11375
11378
11381
11384
11387
11390
11393
11396
11399
11402
11405
11408
11411
11414
11417
11420
11423
11426
11429
11432
11435
11438
11441
11444
11447
11450
11453
11456
11459
11462
11465
11468
11471
11474
11477
11480
11483
11486
11489
11492
11495
11498
11501
11504
11507
11510
11513
11516
11519
11522
11525
11528
11531
11534
11537
11540
11543
11546
11549
11552
11555
11558
11561
11564
11567
11570
11573
11576
11579
11582
11585
11588
11591
11594
11597
11600
11603
11606
11609
11612
11615
11618
11621
11624
11627
11630
11633
11636
11639
11642
11645
11648
11651
11654
11657
11660
11663
11666
11669
11672
11675
11678
11681
11684
11687
11690
11693
11696
11699
11702
11705
11708
11711
11714
11717
11720
11723
11726
11729
11732
11735
11738
11741
11744
11747
11750
11753
11756
11759
11762
11765
11768
11771
11774
11777
11780
11783
11786
11789
11792
11795
11798
11801
11804
11807
11810
11813
11816
11819
11822
11825
11828
11831
11834
11837
11840
11843
11846
11849
11852
11855
11858
11861
11864
11867
11870
11873
11876
11879
11882
11885
11888
11891
11894
11897
11900
11903
11906
11909
11912
11915
11918
11921
11924
11927
11930
11933
11936
11939
11942
11945
11948
11951
11954
11957
11960
11963
11966
11969
11972
11975
11978
11981
11984
11987
11990
11993
11996
11999
12002
12005
12008
12011
12014
12017
12020
12023
12026
12029
12032
12035
12038
12041
12044
12047
12050
12053
12056
12059
12062
12065
12068
12071
12074
12077
12080
12083
12086
12089
12092
12095
12098
12101
12104
12107
12110
12113
12116
12119
12122
12125
12128
12131
12134
12137
12140
12143
12146
12149
12152
12155
12158
12161
12164
12167
12170
12173
12176
12179
12182
12185
12188
12191
12194
12197
12200
12203
12206
12209
12212
12215
12218
12221
12224
12227
12230
12233
12236
12239
12242
12245
12248
12251
12254
12257
12260
12263
12266
12269
12272
12275
12278
12281
12284

Y0
3
0
1
2

Y1
3
12285
12286
12287

