48 9
0 1 -1 1 3 -1 -1 4 4 
1 0 -1 2 4 -1 -1 5 3 
2 1 -1 1 5 -1 -1 4 4 
3 4 0 4 6 1 1 7 7 
4 3 1 5 7 0 2 8 6 
5 4 2 4 8 1 1 7 7 
6 7 3 7 9 4 4 10 10 
7 6 4 8 10 3 5 11 9 
8 7 5 7 11 4 4 10 10 
9 10 6 10 12 7 7 13 13 
10 9 7 11 13 6 8 14 12 
11 10 8 10 14 7 7 13 13 
12 13 9 13 15 10 10 16 16 
13 12 10 14 16 9 11 17 15 
14 13 11 13 17 10 10 16 16 
15 16 12 16 18 13 13 19 19 
16 15 13 17 19 12 14 20 18 
17 16 14 16 20 13 13 19 19 
18 19 15 19 21 16 16 22 22 
19 18 16 20 22 15 17 23 21 
20 19 17 19 23 16 16 22 22 
21 22 18 22 24 19 19 25 25 
22 21 19 23 25 18 20 26 24 
23 22 20 22 26 19 19 25 25 
24 25 21 25 27 22 22 28 28 
25 24 22 26 28 21 23 29 27 
26 25 23 25 29 22 22 28 28 
27 28 24 28 30 25 25 31 31 
28 27 25 29 31 24 26 32 30 
29 28 26 28 32 25 25 31 31 
30 31 27 31 33 28 28 34 34 
31 30 28 32 34 27 29 35 33 
32 31 29 31 35 28 28 34 34 
33 34 30 34 36 31 31 37 37 
34 33 31 35 37 30 32 38 36 
35 34 32 34 38 31 31 37 37 
36 37 33 37 39 34 34 40 40 
37 36 34 38 40 33 35 41 39 
38 37 35 37 41 34 34 40 40 
39 40 36 40 42 37 37 43 43 
40 39 37 41 43 36 38 44 42 
41 40 38 40 44 37 37 43 43 
42 43 39 43 45 40 40 46 46 
43 42 40 44 46 39 41 47 45 
44 43 41 43 47 40 40 46 46 
45 46 42 46 -1 43 43 -1 -1 
46 45 43 47 -1 42 44 -1 -1 
47 46 44 46 -1 43 43 -1 -1 
