4

X0
2046
3
6
9
12
15
18
21
24
27
30
33
36
39
42
45
48
51
54
57
60
63
66
69
72
75
78
81
84
87
90
93
96
99
102
105
108
111
114
117
120
123
126
129
132
135
138
141
144
147
150
153
156
159
162
165
168
171
174
177
180
183
186
189
192
195
198
201
204
207
210
213
216
219
222
225
228
231
234
237
240
243
246
249
252
255
258
261
264
267
270
273
276
279
282
285
288
291
294
297
300
303
306
309
312
315
318
321
324
327
330
333
336
339
342
345
348
351
354
357
360
363
366
369
372
375
378
381
384
387
390
393
396
399
402
405
408
411
414
417
420
423
426
429
432
435
438
441
444
447
450
453
456
459
462
465
468
471
474
477
480
483
486
489
492
495
498
501
504
507
510
513
516
519
522
525
528
531
534
537
540
543
546
549
552
555
558
561
564
567
570
573
576
579
582
585
588
591
594
597
600
603
606
609
612
615
618
621
624
627
630
633
636
639
642
645
648
651
654
657
660
663
666
669
672
675
678
681
684
687
690
693
696
699
702
705
708
711
714
717
720
723
726
729
732
735
738
741
744
747
750
753
756
759
762
765
768
771
774
777
780
783
786
789
792
795
798
801
804
807
810
813
816
819
822
825
828
831
834
837
840
843
846
849
852
855
858
861
864
867
870
873
876
879
882
885
888
891
894
897
900
903
906
909
912
915
918
921
924
927
930
933
936
939
942
945
948
951
954
957
960
963
966
969
972
975
978
981
984
987
990
993
996
999
1002
1005
1008
1011
1014
1017
1020
1023
1026
1029
1032
1035
1038
1041
1044
1047
1050
1053
1056
1059
1062
1065
1068
1071
1074
1077
1080
1083
1086
1089
1092
1095
1098
1101
1104
1107
1110
1113
1116
1119
1122
1125
1128
1131
1134
1137
1140
1143
1146
1149
1152
1155
1158
1161
1164
1167
1170
1173
1176
1179
1182
1185
1188
1191
1194
1197
1200
1203
1206
1209
1212
1215
1218
1221
1224
1227
1230
1233
1236
1239
1242
1245
1248
1251
1254
1257
1260
1263
1266
1269
1272
1275
1278
1281
1284
1287
1290
1293
1296
1299
1302
1305
1308
1311
1314
1317
1320
1323
1326
1329
1332
1335
1338
1341
1344
1347
1350
1353
1356
1359
1362
1365
1368
1371
1374
1377
1380
1383
1386
1389
1392
1395
1398
1401
1404
1407
1410
1413
1416
1419
1422
1425
1428
1431
1434
1437
1440
1443
1446
1449
1452
1455
1458
1461
1464
1467
1470
1473
1476
1479
1482
1485
1488
1491
1494
1497
1500
1503
1506
1509
1512
1515
1518
1521
1524
1527
1530
1533
1536
1539
1542
1545
1548
1551
1554
1557
1560
1563
1566
1569
1572
1575
1578
1581
1584
1587
1590
1593
1596
1599
1602
1605
1608
1611
1614
1617
1620
1623
1626
1629
1632
1635
1638
1641
1644
1647
1650
1653
1656
1659
1662
1665
1668
1671
1674
1677
1680
1683
1686
1689
1692
1695
1698
1701
1704
1707
1710
1713
1716
1719
1722
1725
1728
1731
1734
1737
1740
1743
1746
1749
1752
1755
1758
1761
1764
1767
1770
1773
1776
1779
1782
1785
1788
1791
1794
1797
1800
1803
1806
1809
1812
1815
1818
1821
1824
1827
1830
1833
1836
1839
1842
1845
1848
1851
1854
1857
1860
1863
1866
1869
1872
1875
1878
1881
1884
1887
1890
1893
1896
1899
1902
1905
1908
1911
1914
1917
1920
1923
1926
1929
1932
1935
1938
1941
1944
1947
1950
1953
1956
1959
1962
1965
1968
1971
1974
1977
1980
1983
1986
1989
1992
1995
1998
2001
2004
2007
2010
2013
2016
2019
2022
2025
2028
2031
2034
2037
2040
2043
2046
2049
2052
2055
2058
2061
2064
2067
2070
2073
2076
2079
2082
2085
2088
2091
2094
2097
2100
2103
2106
2109
2112
2115
2118
2121
2124
2127
2130
2133
2136
2139
2142
2145
2148
2151
2154
2157
2160
2163
2166
2169
2172
2175
2178
2181
2184
2187
2190
2193
2196
2199
2202
2205
2208
2211
2214
2217
2220
2223
2226
2229
2232
2235
2238
2241
2244
2247
2250
2253
2256
2259
2262
2265
2268
2271
2274
2277
2280
2283
2286
2289
2292
2295
2298
2301
2304
2307
2310
2313
2316
2319
2322
2325
2328
2331
2334
2337
2340
2343
2346
2349
2352
2355
2358
2361
2364
2367
2370
2373
2376
2379
2382
2385
2388
2391
2394
2397
2400
2403
2406
2409
2412
2415
2418
2421
2424
2427
2430
2433
2436
2439
2442
2445
2448
2451
2454
2457
2460
2463
2466
2469
2472
2475
2478
2481
2484
2487
2490
2493
2496
2499
2502
2505
2508
2511
2514
2517
2520
2523
2526
2529
2532
2535
2538
2541
2544
2547
2550
2553
2556
2559
2562
2565
2568
2571
2574
2577
2580
2583
2586
2589
2592
2595
2598
2601
2604
2607
2610
2613
2616
2619
2622
2625
2628
2631
2634
2637
2640
2643
2646
2649
2652
2655
2658
2661
2664
2667
2670
2673
2676
2679
2682
2685
2688
2691
2694
2697
2700
2703
2706
2709
2712
2715
2718
2721
2724
2727
2730
2733
2736
2739
2742
2745
2748
2751
2754
2757
2760
2763
2766
2769
2772
2775
2778
2781
2784
2787
2790
2793
2796
2799
2802
2805
2808
2811
2814
2817
2820
2823
2826
2829
2832
2835
2838
2841
2844
2847
2850
2853
2856
2859
2862
2865
2868
2871
2874
2877
2880
2883
2886
2889
2892
2895
2898
2901
2904
2907
2910
2913
2916
2919
2922
2925
2928
2931
2934
2937
2940
2943
2946
2949
2952
2955
2958
2961
2964
2967
2970
2973
2976
2979
2982
2985
2988
2991
2994
2997
3000
3003
3006
3009
3012
3015
3018
3021
3024
3027
3030
3033
3036
3039
3042
3045
3048
3051
3054
3057
3060
3063
3066
3069
3072
3075
3078
3081
3084
3087
3090
3093
3096
3099
3102
3105
3108
3111
3114
3117
3120
3123
3126
3129
3132
3135
3138
3141
3144
3147
3150
3153
3156
3159
3162
3165
3168
3171
3174
3177
3180
3183
3186
3189
3192
3195
3198
3201
3204
3207
3210
3213
3216
3219
3222
3225
3228
3231
3234
3237
3240
3243
3246
3249
3252
3255
3258
3261
3264
3267
3270
3273
3276
3279
3282
3285
3288
3291
3294
3297
3300
3303
3306
3309
3312
3315
3318
3321
3324
3327
3330
3333
3336
3339
3342
3345
3348
3351
3354
3357
3360
3363
3366
3369
3372
3375
3378
3381
3384
3387
3390
3393
3396
3399
3402
3405
3408
3411
3414
3417
3420
3423
3426
3429
3432
3435
3438
3441
3444
3447
3450
3453
3456
3459
3462
3465
3468
3471
3474
3477
3480
3483
3486
3489
3492
3495
3498
3501
3504
3507
3510
3513
3516
3519
3522
3525
3528
3531
3534
3537
3540
3543
3546
3549
3552
3555
3558
3561
3564
3567
3570
3573
3576
3579
3582
3585
3588
3591
3594
3597
3600
3603
3606
3609
3612
3615
3618
3621
3624
3627
3630
3633
3636
3639
3642
3645
3648
3651
3654
3657
3660
3663
3666
3669
3672
3675
3678
3681
3684
3687
3690
3693
3696
3699
3702
3705
3708
3711
3714
3717
3720
3723
3726
3729
3732
3735
3738
3741
3744
3747
3750
3753
3756
3759
3762
3765
3768
3771
3774
3777
3780
3783
3786
3789
3792
3795
3798
3801
3804
3807
3810
3813
3816
3819
3822
3825
3828
3831
3834
3837
3840
3843
3846
3849
3852
3855
3858
3861
3864
3867
3870
3873
3876
3879
3882
3885
3888
3891
3894
3897
3900
3903
3906
3909
3912
3915
3918
3921
3924
3927
3930
3933
3936
3939
3942
3945
3948
3951
3954
3957
3960
3963
3966
3969
3972
3975
3978
3981
3984
3987
3990
3993
3996
3999
4002
4005
4008
4011
4014
4017
4020
4023
4026
4029
4032
4035
4038
4041
4044
4047
4050
4053
4056
4059
4062
4065
4068
4071
4074
4077
4080
4083
4086
4089
4092
4095
4098
4101
4104
4107
4110
4113
4116
4119
4122
4125
4128
4131
4134
4137
4140
4143
4146
4149
4152
4155
4158
4161
4164
4167
4170
4173
4176
4179
4182
4185
4188
4191
4194
4197
4200
4203
4206
4209
4212
4215
4218
4221
4224
4227
4230
4233
4236
4239
4242
4245
4248
4251
4254
4257
4260
4263
4266
4269
4272
4275
4278
4281
4284
4287
4290
4293
4296
4299
4302
4305
4308
4311
4314
4317
4320
4323
4326
4329
4332
4335
4338
4341
4344
4347
4350
4353
4356
4359
4362
4365
4368
4371
4374
4377
4380
4383
4386
4389
4392
4395
4398
4401
4404
4407
4410
4413
4416
4419
4422
4425
4428
4431
4434
4437
4440
4443
4446
4449
4452
4455
4458
4461
4464
4467
4470
4473
4476
4479
4482
4485
4488
4491
4494
4497
4500
4503
4506
4509
4512
4515
4518
4521
4524
4527
4530
4533
4536
4539
4542
4545
4548
4551
4554
4557
4560
4563
4566
4569
4572
4575
4578
4581
4584
4587
4590
4593
4596
4599
4602
4605
4608
4611
4614
4617
4620
4623
4626
4629
4632
4635
4638
4641
4644
4647
4650
4653
4656
4659
4662
4665
4668
4671
4674
4677
4680
4683
4686
4689
4692
4695
4698
4701
4704
4707
4710
4713
4716
4719
4722
4725
4728
4731
4734
4737
4740
4743
4746
4749
4752
4755
4758
4761
4764
4767
4770
4773
4776
4779
4782
4785
4788
4791
4794
4797
4800
4803
4806
4809
4812
4815
4818
4821
4824
4827
4830
4833
4836
4839
4842
4845
4848
4851
4854
4857
4860
4863
4866
4869
4872
4875
4878
4881
4884
4887
4890
4893
4896
4899
4902
4905
4908
4911
4914
4917
4920
4923
4926
4929
4932
4935
4938
4941
4944
4947
4950
4953
4956
4959
4962
4965
4968
4971
4974
4977
4980
4983
4986
4989
4992
4995
4998
5001
5004
5007
5010
5013
5016
5019
5022
5025
5028
5031
5034
5037
5040
5043
5046
5049
5052
5055
5058
5061
5064
5067
5070
5073
5076
5079
5082
5085
5088
5091
5094
5097
5100
5103
5106
5109
5112
5115
5118
5121
5124
5127
5130
5133
5136
5139
5142
5145
5148
5151
5154
5157
5160
5163
5166
5169
5172
5175
5178
5181
5184
5187
5190
5193
5196
5199
5202
5205
5208
5211
5214
5217
5220
5223
5226
5229
5232
5235
5238
5241
5244
5247
5250
5253
5256
5259
5262
5265
5268
5271
5274
5277
5280
5283
5286
5289
5292
5295
5298
5301
5304
5307
5310
5313
5316
5319
5322
5325
5328
5331
5334
5337
5340
5343
5346
5349
5352
5355
5358
5361
5364
5367
5370
5373
5376
5379
5382
5385
5388
5391
5394
5397
5400
5403
5406
5409
5412
5415
5418
5421
5424
5427
5430
5433
5436
5439
5442
5445
5448
5451
5454
5457
5460
5463
5466
5469
5472
5475
5478
5481
5484
5487
5490
5493
5496
5499
5502
5505
5508
5511
5514
5517
5520
5523
5526
5529
5532
5535
5538
5541
5544
5547
5550
5553
5556
5559
5562
5565
5568
5571
5574
5577
5580
5583
5586
5589
5592
5595
5598
5601
5604
5607
5610
5613
5616
5619
5622
5625
5628
5631
5634
5637
5640
5643
5646
5649
5652
5655
5658
5661
5664
5667
5670
5673
5676
5679
5682
5685
5688
5691
5694
5697
5700
5703
5706
5709
5712
5715
5718
5721
5724
5727
5730
5733
5736
5739
5742
5745
5748
5751
5754
5757
5760
5763
5766
5769
5772
5775
5778
5781
5784
5787
5790
5793
5796
5799
5802
5805
5808
5811
5814
5817
5820
5823
5826
5829
5832
5835
5838
5841
5844
5847
5850
5853
5856
5859
5862
5865
5868
5871
5874
5877
5880
5883
5886
5889
5892
5895
5898
5901
5904
5907
5910
5913
5916
5919
5922
5925
5928
5931
5934
5937
5940
5943
5946
5949
5952
5955
5958
5961
5964
5967
5970
5973
5976
5979
5982
5985
5988
5991
5994
5997
6000
6003
6006
6009
6012
6015
6018
6021
6024
6027
6030
6033
6036
6039
6042
6045
6048
6051
6054
6057
6060
6063
6066
6069
6072
6075
6078
6081
6084
6087
6090
6093
6096
6099
6102
6105
6108
6111
6114
6117
6120
6123
6126
6129
6132
6135
6138

X1
2046
5
8
11
14
17
20
23
26
29
32
35
38
41
44
47
50
53
56
59
62
65
68
71
74
77
80
83
86
89
92
95
98
101
104
107
110
113
116
119
122
125
128
131
134
137
140
143
146
149
152
155
158
161
164
167
170
173
176
179
182
185
188
191
194
197
200
203
206
209
212
215
218
221
224
227
230
233
236
239
242
245
248
251
254
257
260
263
266
269
272
275
278
281
284
287
290
293
296
299
302
305
308
311
314
317
320
323
326
329
332
335
338
341
344
347
350
353
356
359
362
365
368
371
374
377
380
383
386
389
392
395
398
401
404
407
410
413
416
419
422
425
428
431
434
437
440
443
446
449
452
455
458
461
464
467
470
473
476
479
482
485
488
491
494
497
500
503
506
509
512
515
518
521
524
527
530
533
536
539
542
545
548
551
554
557
560
563
566
569
572
575
578
581
584
587
590
593
596
599
602
605
608
611
614
617
620
623
626
629
632
635
638
641
644
647
650
653
656
659
662
665
668
671
674
677
680
683
686
689
692
695
698
701
704
707
710
713
716
719
722
725
728
731
734
737
740
743
746
749
752
755
758
761
764
767
770
773
776
779
782
785
788
791
794
797
800
803
806
809
812
815
818
821
824
827
830
833
836
839
842
845
848
851
854
857
860
863
866
869
872
875
878
881
884
887
890
893
896
899
902
905
908
911
914
917
920
923
926
929
932
935
938
941
944
947
950
953
956
959
962
965
968
971
974
977
980
983
986
989
992
995
998
1001
1004
1007
1010
1013
1016
1019
1022
1025
1028
1031
1034
1037
1040
1043
1046
1049
1052
1055
1058
1061
1064
1067
1070
1073
1076
1079
1082
1085
1088
1091
1094
1097
1100
1103
1106
1109
1112
1115
1118
1121
1124
1127
1130
1133
1136
1139
1142
1145
1148
1151
1154
1157
1160
1163
1166
1169
1172
1175
1178
1181
1184
1187
1190
1193
1196
1199
1202
1205
1208
1211
1214
1217
1220
1223
1226
1229
1232
1235
1238
1241
1244
1247
1250
1253
1256
1259
1262
1265
1268
1271
1274
1277
1280
1283
1286
1289
1292
1295
1298
1301
1304
1307
1310
1313
1316
1319
1322
1325
1328
1331
1334
1337
1340
1343
1346
1349
1352
1355
1358
1361
1364
1367
1370
1373
1376
1379
1382
1385
1388
1391
1394
1397
1400
1403
1406
1409
1412
1415
1418
1421
1424
1427
1430
1433
1436
1439
1442
1445
1448
1451
1454
1457
1460
1463
1466
1469
1472
1475
1478
1481
1484
1487
1490
1493
1496
1499
1502
1505
1508
1511
1514
1517
1520
1523
1526
1529
1532
1535
1538
1541
1544
1547
1550
1553
1556
1559
1562
1565
1568
1571
1574
1577
1580
1583
1586
1589
1592
1595
1598
1601
1604
1607
1610
1613
1616
1619
1622
1625
1628
1631
1634
1637
1640
1643
1646
1649
1652
1655
1658
1661
1664
1667
1670
1673
1676
1679
1682
1685
1688
1691
1694
1697
1700
1703
1706
1709
1712
1715
1718
1721
1724
1727
1730
1733
1736
1739
1742
1745
1748
1751
1754
1757
1760
1763
1766
1769
1772
1775
1778
1781
1784
1787
1790
1793
1796
1799
1802
1805
1808
1811
1814
1817
1820
1823
1826
1829
1832
1835
1838
1841
1844
1847
1850
1853
1856
1859
1862
1865
1868
1871
1874
1877
1880
1883
1886
1889
1892
1895
1898
1901
1904
1907
1910
1913
1916
1919
1922
1925
1928
1931
1934
1937
1940
1943
1946
1949
1952
1955
1958
1961
1964
1967
1970
1973
1976
1979
1982
1985
1988
1991
1994
1997
2000
2003
2006
2009
2012
2015
2018
2021
2024
2027
2030
2033
2036
2039
2042
2045
2048
2051
2054
2057
2060
2063
2066
2069
2072
2075
2078
2081
2084
2087
2090
2093
2096
2099
2102
2105
2108
2111
2114
2117
2120
2123
2126
2129
2132
2135
2138
2141
2144
2147
2150
2153
2156
2159
2162
2165
2168
2171
2174
2177
2180
2183
2186
2189
2192
2195
2198
2201
2204
2207
2210
2213
2216
2219
2222
2225
2228
2231
2234
2237
2240
2243
2246
2249
2252
2255
2258
2261
2264
2267
2270
2273
2276
2279
2282
2285
2288
2291
2294
2297
2300
2303
2306
2309
2312
2315
2318
2321
2324
2327
2330
2333
2336
2339
2342
2345
2348
2351
2354
2357
2360
2363
2366
2369
2372
2375
2378
2381
2384
2387
2390
2393
2396
2399
2402
2405
2408
2411
2414
2417
2420
2423
2426
2429
2432
2435
2438
2441
2444
2447
2450
2453
2456
2459
2462
2465
2468
2471
2474
2477
2480
2483
2486
2489
2492
2495
2498
2501
2504
2507
2510
2513
2516
2519
2522
2525
2528
2531
2534
2537
2540
2543
2546
2549
2552
2555
2558
2561
2564
2567
2570
2573
2576
2579
2582
2585
2588
2591
2594
2597
2600
2603
2606
2609
2612
2615
2618
2621
2624
2627
2630
2633
2636
2639
2642
2645
2648
2651
2654
2657
2660
2663
2666
2669
2672
2675
2678
2681
2684
2687
2690
2693
2696
2699
2702
2705
2708
2711
2714
2717
2720
2723
2726
2729
2732
2735
2738
2741
2744
2747
2750
2753
2756
2759
2762
2765
2768
2771
2774
2777
2780
2783
2786
2789
2792
2795
2798
2801
2804
2807
2810
2813
2816
2819
2822
2825
2828
2831
2834
2837
2840
2843
2846
2849
2852
2855
2858
2861
2864
2867
2870
2873
2876
2879
2882
2885
2888
2891
2894
2897
2900
2903
2906
2909
2912
2915
2918
2921
2924
2927
2930
2933
2936
2939
2942
2945
2948
2951
2954
2957
2960
2963
2966
2969
2972
2975
2978
2981
2984
2987
2990
2993
2996
2999
3002
3005
3008
3011
3014
3017
3020
3023
3026
3029
3032
3035
3038
3041
3044
3047
3050
3053
3056
3059
3062
3065
3068
3071
3074
3077
3080
3083
3086
3089
3092
3095
3098
3101
3104
3107
3110
3113
3116
3119
3122
3125
3128
3131
3134
3137
3140
3143
3146
3149
3152
3155
3158
3161
3164
3167
3170
3173
3176
3179
3182
3185
3188
3191
3194
3197
3200
3203
3206
3209
3212
3215
3218
3221
3224
3227
3230
3233
3236
3239
3242
3245
3248
3251
3254
3257
3260
3263
3266
3269
3272
3275
3278
3281
3284
3287
3290
3293
3296
3299
3302
3305
3308
3311
3314
3317
3320
3323
3326
3329
3332
3335
3338
3341
3344
3347
3350
3353
3356
3359
3362
3365
3368
3371
3374
3377
3380
3383
3386
3389
3392
3395
3398
3401
3404
3407
3410
3413
3416
3419
3422
3425
3428
3431
3434
3437
3440
3443
3446
3449
3452
3455
3458
3461
3464
3467
3470
3473
3476
3479
3482
3485
3488
3491
3494
3497
3500
3503
3506
3509
3512
3515
3518
3521
3524
3527
3530
3533
3536
3539
3542
3545
3548
3551
3554
3557
3560
3563
3566
3569
3572
3575
3578
3581
3584
3587
3590
3593
3596
3599
3602
3605
3608
3611
3614
3617
3620
3623
3626
3629
3632
3635
3638
3641
3644
3647
3650
3653
3656
3659
3662
3665
3668
3671
3674
3677
3680
3683
3686
3689
3692
3695
3698
3701
3704
3707
3710
3713
3716
3719
3722
3725
3728
3731
3734
3737
3740
3743
3746
3749
3752
3755
3758
3761
3764
3767
3770
3773
3776
3779
3782
3785
3788
3791
3794
3797
3800
3803
3806
3809
3812
3815
3818
3821
3824
3827
3830
3833
3836
3839
3842
3845
3848
3851
3854
3857
3860
3863
3866
3869
3872
3875
3878
3881
3884
3887
3890
3893
3896
3899
3902
3905
3908
3911
3914
3917
3920
3923
3926
3929
3932
3935
3938
3941
3944
3947
3950
3953
3956
3959
3962
3965
3968
3971
3974
3977
3980
3983
3986
3989
3992
3995
3998
4001
4004
4007
4010
4013
4016
4019
4022
4025
4028
4031
4034
4037
4040
4043
4046
4049
4052
4055
4058
4061
4064
4067
4070
4073
4076
4079
4082
4085
4088
4091
4094
4097
4100
4103
4106
4109
4112
4115
4118
4121
4124
4127
4130
4133
4136
4139
4142
4145
4148
4151
4154
4157
4160
4163
4166
4169
4172
4175
4178
4181
4184
4187
4190
4193
4196
4199
4202
4205
4208
4211
4214
4217
4220
4223
4226
4229
4232
4235
4238
4241
4244
4247
4250
4253
4256
4259
4262
4265
4268
4271
4274
4277
4280
4283
4286
4289
4292
4295
4298
4301
4304
4307
4310
4313
4316
4319
4322
4325
4328
4331
4334
4337
4340
4343
4346
4349
4352
4355
4358
4361
4364
4367
4370
4373
4376
4379
4382
4385
4388
4391
4394
4397
4400
4403
4406
4409
4412
4415
4418
4421
4424
4427
4430
4433
4436
4439
4442
4445
4448
4451
4454
4457
4460
4463
4466
4469
4472
4475
4478
4481
4484
4487
4490
4493
4496
4499
4502
4505
4508
4511
4514
4517
4520
4523
4526
4529
4532
4535
4538
4541
4544
4547
4550
4553
4556
4559
4562
4565
4568
4571
4574
4577
4580
4583
4586
4589
4592
4595
4598
4601
4604
4607
4610
4613
4616
4619
4622
4625
4628
4631
4634
4637
4640
4643
4646
4649
4652
4655
4658
4661
4664
4667
4670
4673
4676
4679
4682
4685
4688
4691
4694
4697
4700
4703
4706
4709
4712
4715
4718
4721
4724
4727
4730
4733
4736
4739
4742
4745
4748
4751
4754
4757
4760
4763
4766
4769
4772
4775
4778
4781
4784
4787
4790
4793
4796
4799
4802
4805
4808
4811
4814
4817
4820
4823
4826
4829
4832
4835
4838
4841
4844
4847
4850
4853
4856
4859
4862
4865
4868
4871
4874
4877
4880
4883
4886
4889
4892
4895
4898
4901
4904
4907
4910
4913
4916
4919
4922
4925
4928
4931
4934
4937
4940
4943
4946
4949
4952
4955
4958
4961
4964
4967
4970
4973
4976
4979
4982
4985
4988
4991
4994
4997
5000
5003
5006
5009
5012
5015
5018
5021
5024
5027
5030
5033
5036
5039
5042
5045
5048
5051
5054
5057
5060
5063
5066
5069
5072
5075
5078
5081
5084
5087
5090
5093
5096
5099
5102
5105
5108
5111
5114
5117
5120
5123
5126
5129
5132
5135
5138
5141
5144
5147
5150
5153
5156
5159
5162
5165
5168
5171
5174
5177
5180
5183
5186
5189
5192
5195
5198
5201
5204
5207
5210
5213
5216
5219
5222
5225
5228
5231
5234
5237
5240
5243
5246
5249
5252
5255
5258
5261
5264
5267
5270
5273
5276
5279
5282
5285
5288
5291
5294
5297
5300
5303
5306
5309
5312
5315
5318
5321
5324
5327
5330
5333
5336
5339
5342
5345
5348
5351
5354
5357
5360
5363
5366
5369
5372
5375
5378
5381
5384
5387
5390
5393
5396
5399
5402
5405
5408
5411
5414
5417
5420
5423
5426
5429
5432
5435
5438
5441
5444
5447
5450
5453
5456
5459
5462
5465
5468
5471
5474
5477
5480
5483
5486
5489
5492
5495
5498
5501
5504
5507
5510
5513
5516
5519
5522
5525
5528
5531
5534
5537
5540
5543
5546
5549
5552
5555
5558
5561
5564
5567
5570
5573
5576
5579
5582
5585
5588
5591
5594
5597
5600
5603
5606
5609
5612
5615
5618
5621
5624
5627
5630
5633
5636
5639
5642
5645
5648
5651
5654
5657
5660
5663
5666
5669
5672
5675
5678
5681
5684
5687
5690
5693
5696
5699
5702
5705
5708
5711
5714
5717
5720
5723
5726
5729
5732
5735
5738
5741
5744
5747
5750
5753
5756
5759
5762
5765
5768
5771
5774
5777
5780
5783
5786
5789
5792
5795
5798
5801
5804
5807
5810
5813
5816
5819
5822
5825
5828
5831
5834
5837
5840
5843
5846
5849
5852
5855
5858
5861
5864
5867
5870
5873
5876
5879
5882
5885
5888
5891
5894
5897
5900
5903
5906
5909
5912
5915
5918
5921
5924
5927
5930
5933
5936
5939
5942
5945
5948
5951
5954
5957
5960
5963
5966
5969
5972
5975
5978
5981
5984
5987
5990
5993
5996
5999
6002
6005
6008
6011
6014
6017
6020
6023
6026
6029
6032
6035
6038
6041
6044
6047
6050
6053
6056
6059
6062
6065
6068
6071
6074
6077
6080
6083
6086
6089
6092
6095
6098
6101
6104
6107
6110
6113
6116
6119
6122
6125
6128
6131
6134
6137
6140

Y0
3
0
1
2

Y1
3
6141
6142
6143

