4094 4
0 1 3 4 
1 2 4 5 
3 4 6 7 
4 5 7 8 
6 7 9 10 
7 8 10 11 
9 10 12 13 
10 11 13 14 
12 13 15 16 
13 14 16 17 
15 16 18 19 
16 17 19 20 
18 19 21 22 
19 20 22 23 
21 22 24 25 
22 23 25 26 
24 25 27 28 
25 26 28 29 
27 28 30 31 
28 29 31 32 
30 31 33 34 
31 32 34 35 
33 34 36 37 
34 35 37 38 
36 37 39 40 
37 38 40 41 
39 40 42 43 
40 41 43 44 
42 43 45 46 
43 44 46 47 
45 46 48 49 
46 47 49 50 
48 49 51 52 
49 50 52 53 
51 52 54 55 
52 53 55 56 
54 55 57 58 
55 56 58 59 
57 58 60 61 
58 59 61 62 
60 61 63 64 
61 62 64 65 
63 64 66 67 
64 65 67 68 
66 67 69 70 
67 68 70 71 
69 70 72 73 
70 71 73 74 
72 73 75 76 
73 74 76 77 
75 76 78 79 
76 77 79 80 
78 79 81 82 
79 80 82 83 
81 82 84 85 
82 83 85 86 
84 85 87 88 
85 86 88 89 
87 88 90 91 
88 89 91 92 
90 91 93 94 
91 92 94 95 
93 94 96 97 
94 95 97 98 
96 97 99 100 
97 98 100 101 
99 100 102 103 
100 101 103 104 
102 103 105 106 
103 104 106 107 
105 106 108 109 
106 107 109 110 
108 109 111 112 
109 110 112 113 
111 112 114 115 
112 113 115 116 
114 115 117 118 
115 116 118 119 
117 118 120 121 
118 119 121 122 
120 121 123 124 
121 122 124 125 
123 124 126 127 
124 125 127 128 
126 127 129 130 
127 128 130 131 
129 130 132 133 
130 131 133 134 
132 133 135 136 
133 134 136 137 
135 136 138 139 
136 137 139 140 
138 139 141 142 
139 140 142 143 
141 142 144 145 
142 143 145 146 
144 145 147 148 
145 146 148 149 
147 148 150 151 
148 149 151 152 
150 151 153 154 
151 152 154 155 
153 154 156 157 
154 155 157 158 
156 157 159 160 
157 158 160 161 
159 160 162 163 
160 161 163 164 
162 163 165 166 
163 164 166 167 
165 166 168 169 
166 167 169 170 
168 169 171 172 
169 170 172 173 
171 172 174 175 
172 173 175 176 
174 175 177 178 
175 176 178 179 
177 178 180 181 
178 179 181 182 
180 181 183 184 
181 182 184 185 
183 184 186 187 
184 185 187 188 
186 187 189 190 
187 188 190 191 
189 190 192 193 
190 191 193 194 
192 193 195 196 
193 194 196 197 
195 196 198 199 
196 197 199 200 
198 199 201 202 
199 200 202 203 
201 202 204 205 
202 203 205 206 
204 205 207 208 
205 206 208 209 
207 208 210 211 
208 209 211 212 
210 211 213 214 
211 212 214 215 
213 214 216 217 
214 215 217 218 
216 217 219 220 
217 218 220 221 
219 220 222 223 
220 221 223 224 
222 223 225 226 
223 224 226 227 
225 226 228 229 
226 227 229 230 
228 229 231 232 
229 230 232 233 
231 232 234 235 
232 233 235 236 
234 235 237 238 
235 236 238 239 
237 238 240 241 
238 239 241 242 
240 241 243 244 
241 242 244 245 
243 244 246 247 
244 245 247 248 
246 247 249 250 
247 248 250 251 
249 250 252 253 
250 251 253 254 
252 253 255 256 
253 254 256 257 
255 256 258 259 
256 257 259 260 
258 259 261 262 
259 260 262 263 
261 262 264 265 
262 263 265 266 
264 265 267 268 
265 266 268 269 
267 268 270 271 
268 269 271 272 
270 271 273 274 
271 272 274 275 
273 274 276 277 
274 275 277 278 
276 277 279 280 
277 278 280 281 
279 280 282 283 
280 281 283 284 
282 283 285 286 
283 284 286 287 
285 286 288 289 
286 287 289 290 
288 289 291 292 
289 290 292 293 
291 292 294 295 
292 293 295 296 
294 295 297 298 
295 296 298 299 
297 298 300 301 
298 299 301 302 
300 301 303 304 
301 302 304 305 
303 304 306 307 
304 305 307 308 
306 307 309 310 
307 308 310 311 
309 310 312 313 
310 311 313 314 
312 313 315 316 
313 314 316 317 
315 316 318 319 
316 317 319 320 
318 319 321 322 
319 320 322 323 
321 322 324 325 
322 323 325 326 
324 325 327 328 
325 326 328 329 
327 328 330 331 
328 329 331 332 
330 331 333 334 
331 332 334 335 
333 334 336 337 
334 335 337 338 
336 337 339 340 
337 338 340 341 
339 340 342 343 
340 341 343 344 
342 343 345 346 
343 344 346 347 
345 346 348 349 
346 347 349 350 
348 349 351 352 
349 350 352 353 
351 352 354 355 
352 353 355 356 
354 355 357 358 
355 356 358 359 
357 358 360 361 
358 359 361 362 
360 361 363 364 
361 362 364 365 
363 364 366 367 
364 365 367 368 
366 367 369 370 
367 368 370 371 
369 370 372 373 
370 371 373 374 
372 373 375 376 
373 374 376 377 
375 376 378 379 
376 377 379 380 
378 379 381 382 
379 380 382 383 
381 382 384 385 
382 383 385 386 
384 385 387 388 
385 386 388 389 
387 388 390 391 
388 389 391 392 
390 391 393 394 
391 392 394 395 
393 394 396 397 
394 395 397 398 
396 397 399 400 
397 398 400 401 
399 400 402 403 
400 401 403 404 
402 403 405 406 
403 404 406 407 
405 406 408 409 
406 407 409 410 
408 409 411 412 
409 410 412 413 
411 412 414 415 
412 413 415 416 
414 415 417 418 
415 416 418 419 
417 418 420 421 
418 419 421 422 
420 421 423 424 
421 422 424 425 
423 424 426 427 
424 425 427 428 
426 427 429 430 
427 428 430 431 
429 430 432 433 
430 431 433 434 
432 433 435 436 
433 434 436 437 
435 436 438 439 
436 437 439 440 
438 439 441 442 
439 440 442 443 
441 442 444 445 
442 443 445 446 
444 445 447 448 
445 446 448 449 
447 448 450 451 
448 449 451 452 
450 451 453 454 
451 452 454 455 
453 454 456 457 
454 455 457 458 
456 457 459 460 
457 458 460 461 
459 460 462 463 
460 461 463 464 
462 463 465 466 
463 464 466 467 
465 466 468 469 
466 467 469 470 
468 469 471 472 
469 470 472 473 
471 472 474 475 
472 473 475 476 
474 475 477 478 
475 476 478 479 
477 478 480 481 
478 479 481 482 
480 481 483 484 
481 482 484 485 
483 484 486 487 
484 485 487 488 
486 487 489 490 
487 488 490 491 
489 490 492 493 
490 491 493 494 
492 493 495 496 
493 494 496 497 
495 496 498 499 
496 497 499 500 
498 499 501 502 
499 500 502 503 
501 502 504 505 
502 503 505 506 
504 505 507 508 
505 506 508 509 
507 508 510 511 
508 509 511 512 
510 511 513 514 
511 512 514 515 
513 514 516 517 
514 515 517 518 
516 517 519 520 
517 518 520 521 
519 520 522 523 
520 521 523 524 
522 523 525 526 
523 524 526 527 
525 526 528 529 
526 527 529 530 
528 529 531 532 
529 530 532 533 
531 532 534 535 
532 533 535 536 
534 535 537 538 
535 536 538 539 
537 538 540 541 
538 539 541 542 
540 541 543 544 
541 542 544 545 
543 544 546 547 
544 545 547 548 
546 547 549 550 
547 548 550 551 
549 550 552 553 
550 551 553 554 
552 553 555 556 
553 554 556 557 
555 556 558 559 
556 557 559 560 
558 559 561 562 
559 560 562 563 
561 562 564 565 
562 563 565 566 
564 565 567 568 
565 566 568 569 
567 568 570 571 
568 569 571 572 
570 571 573 574 
571 572 574 575 
573 574 576 577 
574 575 577 578 
576 577 579 580 
577 578 580 581 
579 580 582 583 
580 581 583 584 
582 583 585 586 
583 584 586 587 
585 586 588 589 
586 587 589 590 
588 589 591 592 
589 590 592 593 
591 592 594 595 
592 593 595 596 
594 595 597 598 
595 596 598 599 
597 598 600 601 
598 599 601 602 
600 601 603 604 
601 602 604 605 
603 604 606 607 
604 605 607 608 
606 607 609 610 
607 608 610 611 
609 610 612 613 
610 611 613 614 
612 613 615 616 
613 614 616 617 
615 616 618 619 
616 617 619 620 
618 619 621 622 
619 620 622 623 
621 622 624 625 
622 623 625 626 
624 625 627 628 
625 626 628 629 
627 628 630 631 
628 629 631 632 
630 631 633 634 
631 632 634 635 
633 634 636 637 
634 635 637 638 
636 637 639 640 
637 638 640 641 
639 640 642 643 
640 641 643 644 
642 643 645 646 
643 644 646 647 
645 646 648 649 
646 647 649 650 
648 649 651 652 
649 650 652 653 
651 652 654 655 
652 653 655 656 
654 655 657 658 
655 656 658 659 
657 658 660 661 
658 659 661 662 
660 661 663 664 
661 662 664 665 
663 664 666 667 
664 665 667 668 
666 667 669 670 
667 668 670 671 
669 670 672 673 
670 671 673 674 
672 673 675 676 
673 674 676 677 
675 676 678 679 
676 677 679 680 
678 679 681 682 
679 680 682 683 
681 682 684 685 
682 683 685 686 
684 685 687 688 
685 686 688 689 
687 688 690 691 
688 689 691 692 
690 691 693 694 
691 692 694 695 
693 694 696 697 
694 695 697 698 
696 697 699 700 
697 698 700 701 
699 700 702 703 
700 701 703 704 
702 703 705 706 
703 704 706 707 
705 706 708 709 
706 707 709 710 
708 709 711 712 
709 710 712 713 
711 712 714 715 
712 713 715 716 
714 715 717 718 
715 716 718 719 
717 718 720 721 
718 719 721 722 
720 721 723 724 
721 722 724 725 
723 724 726 727 
724 725 727 728 
726 727 729 730 
727 728 730 731 
729 730 732 733 
730 731 733 734 
732 733 735 736 
733 734 736 737 
735 736 738 739 
736 737 739 740 
738 739 741 742 
739 740 742 743 
741 742 744 745 
742 743 745 746 
744 745 747 748 
745 746 748 749 
747 748 750 751 
748 749 751 752 
750 751 753 754 
751 752 754 755 
753 754 756 757 
754 755 757 758 
756 757 759 760 
757 758 760 761 
759 760 762 763 
760 761 763 764 
762 763 765 766 
763 764 766 767 
765 766 768 769 
766 767 769 770 
768 769 771 772 
769 770 772 773 
771 772 774 775 
772 773 775 776 
774 775 777 778 
775 776 778 779 
777 778 780 781 
778 779 781 782 
780 781 783 784 
781 782 784 785 
783 784 786 787 
784 785 787 788 
786 787 789 790 
787 788 790 791 
789 790 792 793 
790 791 793 794 
792 793 795 796 
793 794 796 797 
795 796 798 799 
796 797 799 800 
798 799 801 802 
799 800 802 803 
801 802 804 805 
802 803 805 806 
804 805 807 808 
805 806 808 809 
807 808 810 811 
808 809 811 812 
810 811 813 814 
811 812 814 815 
813 814 816 817 
814 815 817 818 
816 817 819 820 
817 818 820 821 
819 820 822 823 
820 821 823 824 
822 823 825 826 
823 824 826 827 
825 826 828 829 
826 827 829 830 
828 829 831 832 
829 830 832 833 
831 832 834 835 
832 833 835 836 
834 835 837 838 
835 836 838 839 
837 838 840 841 
838 839 841 842 
840 841 843 844 
841 842 844 845 
843 844 846 847 
844 845 847 848 
846 847 849 850 
847 848 850 851 
849 850 852 853 
850 851 853 854 
852 853 855 856 
853 854 856 857 
855 856 858 859 
856 857 859 860 
858 859 861 862 
859 860 862 863 
861 862 864 865 
862 863 865 866 
864 865 867 868 
865 866 868 869 
867 868 870 871 
868 869 871 872 
870 871 873 874 
871 872 874 875 
873 874 876 877 
874 875 877 878 
876 877 879 880 
877 878 880 881 
879 880 882 883 
880 881 883 884 
882 883 885 886 
883 884 886 887 
885 886 888 889 
886 887 889 890 
888 889 891 892 
889 890 892 893 
891 892 894 895 
892 893 895 896 
894 895 897 898 
895 896 898 899 
897 898 900 901 
898 899 901 902 
900 901 903 904 
901 902 904 905 
903 904 906 907 
904 905 907 908 
906 907 909 910 
907 908 910 911 
909 910 912 913 
910 911 913 914 
912 913 915 916 
913 914 916 917 
915 916 918 919 
916 917 919 920 
918 919 921 922 
919 920 922 923 
921 922 924 925 
922 923 925 926 
924 925 927 928 
925 926 928 929 
927 928 930 931 
928 929 931 932 
930 931 933 934 
931 932 934 935 
933 934 936 937 
934 935 937 938 
936 937 939 940 
937 938 940 941 
939 940 942 943 
940 941 943 944 
942 943 945 946 
943 944 946 947 
945 946 948 949 
946 947 949 950 
948 949 951 952 
949 950 952 953 
951 952 954 955 
952 953 955 956 
954 955 957 958 
955 956 958 959 
957 958 960 961 
958 959 961 962 
960 961 963 964 
961 962 964 965 
963 964 966 967 
964 965 967 968 
966 967 969 970 
967 968 970 971 
969 970 972 973 
970 971 973 974 
972 973 975 976 
973 974 976 977 
975 976 978 979 
976 977 979 980 
978 979 981 982 
979 980 982 983 
981 982 984 985 
982 983 985 986 
984 985 987 988 
985 986 988 989 
987 988 990 991 
988 989 991 992 
990 991 993 994 
991 992 994 995 
993 994 996 997 
994 995 997 998 
996 997 999 1000 
997 998 1000 1001 
999 1000 1002 1003 
1000 1001 1003 1004 
1002 1003 1005 1006 
1003 1004 1006 1007 
1005 1006 1008 1009 
1006 1007 1009 1010 
1008 1009 1011 1012 
1009 1010 1012 1013 
1011 1012 1014 1015 
1012 1013 1015 1016 
1014 1015 1017 1018 
1015 1016 1018 1019 
1017 1018 1020 1021 
1018 1019 1021 1022 
1020 1021 1023 1024 
1021 1022 1024 1025 
1023 1024 1026 1027 
1024 1025 1027 1028 
1026 1027 1029 1030 
1027 1028 1030 1031 
1029 1030 1032 1033 
1030 1031 1033 1034 
1032 1033 1035 1036 
1033 1034 1036 1037 
1035 1036 1038 1039 
1036 1037 1039 1040 
1038 1039 1041 1042 
1039 1040 1042 1043 
1041 1042 1044 1045 
1042 1043 1045 1046 
1044 1045 1047 1048 
1045 1046 1048 1049 
1047 1048 1050 1051 
1048 1049 1051 1052 
1050 1051 1053 1054 
1051 1052 1054 1055 
1053 1054 1056 1057 
1054 1055 1057 1058 
1056 1057 1059 1060 
1057 1058 1060 1061 
1059 1060 1062 1063 
1060 1061 1063 1064 
1062 1063 1065 1066 
1063 1064 1066 1067 
1065 1066 1068 1069 
1066 1067 1069 1070 
1068 1069 1071 1072 
1069 1070 1072 1073 
1071 1072 1074 1075 
1072 1073 1075 1076 
1074 1075 1077 1078 
1075 1076 1078 1079 
1077 1078 1080 1081 
1078 1079 1081 1082 
1080 1081 1083 1084 
1081 1082 1084 1085 
1083 1084 1086 1087 
1084 1085 1087 1088 
1086 1087 1089 1090 
1087 1088 1090 1091 
1089 1090 1092 1093 
1090 1091 1093 1094 
1092 1093 1095 1096 
1093 1094 1096 1097 
1095 1096 1098 1099 
1096 1097 1099 1100 
1098 1099 1101 1102 
1099 1100 1102 1103 
1101 1102 1104 1105 
1102 1103 1105 1106 
1104 1105 1107 1108 
1105 1106 1108 1109 
1107 1108 1110 1111 
1108 1109 1111 1112 
1110 1111 1113 1114 
1111 1112 1114 1115 
1113 1114 1116 1117 
1114 1115 1117 1118 
1116 1117 1119 1120 
1117 1118 1120 1121 
1119 1120 1122 1123 
1120 1121 1123 1124 
1122 1123 1125 1126 
1123 1124 1126 1127 
1125 1126 1128 1129 
1126 1127 1129 1130 
1128 1129 1131 1132 
1129 1130 1132 1133 
1131 1132 1134 1135 
1132 1133 1135 1136 
1134 1135 1137 1138 
1135 1136 1138 1139 
1137 1138 1140 1141 
1138 1139 1141 1142 
1140 1141 1143 1144 
1141 1142 1144 1145 
1143 1144 1146 1147 
1144 1145 1147 1148 
1146 1147 1149 1150 
1147 1148 1150 1151 
1149 1150 1152 1153 
1150 1151 1153 1154 
1152 1153 1155 1156 
1153 1154 1156 1157 
1155 1156 1158 1159 
1156 1157 1159 1160 
1158 1159 1161 1162 
1159 1160 1162 1163 
1161 1162 1164 1165 
1162 1163 1165 1166 
1164 1165 1167 1168 
1165 1166 1168 1169 
1167 1168 1170 1171 
1168 1169 1171 1172 
1170 1171 1173 1174 
1171 1172 1174 1175 
1173 1174 1176 1177 
1174 1175 1177 1178 
1176 1177 1179 1180 
1177 1178 1180 1181 
1179 1180 1182 1183 
1180 1181 1183 1184 
1182 1183 1185 1186 
1183 1184 1186 1187 
1185 1186 1188 1189 
1186 1187 1189 1190 
1188 1189 1191 1192 
1189 1190 1192 1193 
1191 1192 1194 1195 
1192 1193 1195 1196 
1194 1195 1197 1198 
1195 1196 1198 1199 
1197 1198 1200 1201 
1198 1199 1201 1202 
1200 1201 1203 1204 
1201 1202 1204 1205 
1203 1204 1206 1207 
1204 1205 1207 1208 
1206 1207 1209 1210 
1207 1208 1210 1211 
1209 1210 1212 1213 
1210 1211 1213 1214 
1212 1213 1215 1216 
1213 1214 1216 1217 
1215 1216 1218 1219 
1216 1217 1219 1220 
1218 1219 1221 1222 
1219 1220 1222 1223 
1221 1222 1224 1225 
1222 1223 1225 1226 
1224 1225 1227 1228 
1225 1226 1228 1229 
1227 1228 1230 1231 
1228 1229 1231 1232 
1230 1231 1233 1234 
1231 1232 1234 1235 
1233 1234 1236 1237 
1234 1235 1237 1238 
1236 1237 1239 1240 
1237 1238 1240 1241 
1239 1240 1242 1243 
1240 1241 1243 1244 
1242 1243 1245 1246 
1243 1244 1246 1247 
1245 1246 1248 1249 
1246 1247 1249 1250 
1248 1249 1251 1252 
1249 1250 1252 1253 
1251 1252 1254 1255 
1252 1253 1255 1256 
1254 1255 1257 1258 
1255 1256 1258 1259 
1257 1258 1260 1261 
1258 1259 1261 1262 
1260 1261 1263 1264 
1261 1262 1264 1265 
1263 1264 1266 1267 
1264 1265 1267 1268 
1266 1267 1269 1270 
1267 1268 1270 1271 
1269 1270 1272 1273 
1270 1271 1273 1274 
1272 1273 1275 1276 
1273 1274 1276 1277 
1275 1276 1278 1279 
1276 1277 1279 1280 
1278 1279 1281 1282 
1279 1280 1282 1283 
1281 1282 1284 1285 
1282 1283 1285 1286 
1284 1285 1287 1288 
1285 1286 1288 1289 
1287 1288 1290 1291 
1288 1289 1291 1292 
1290 1291 1293 1294 
1291 1292 1294 1295 
1293 1294 1296 1297 
1294 1295 1297 1298 
1296 1297 1299 1300 
1297 1298 1300 1301 
1299 1300 1302 1303 
1300 1301 1303 1304 
1302 1303 1305 1306 
1303 1304 1306 1307 
1305 1306 1308 1309 
1306 1307 1309 1310 
1308 1309 1311 1312 
1309 1310 1312 1313 
1311 1312 1314 1315 
1312 1313 1315 1316 
1314 1315 1317 1318 
1315 1316 1318 1319 
1317 1318 1320 1321 
1318 1319 1321 1322 
1320 1321 1323 1324 
1321 1322 1324 1325 
1323 1324 1326 1327 
1324 1325 1327 1328 
1326 1327 1329 1330 
1327 1328 1330 1331 
1329 1330 1332 1333 
1330 1331 1333 1334 
1332 1333 1335 1336 
1333 1334 1336 1337 
1335 1336 1338 1339 
1336 1337 1339 1340 
1338 1339 1341 1342 
1339 1340 1342 1343 
1341 1342 1344 1345 
1342 1343 1345 1346 
1344 1345 1347 1348 
1345 1346 1348 1349 
1347 1348 1350 1351 
1348 1349 1351 1352 
1350 1351 1353 1354 
1351 1352 1354 1355 
1353 1354 1356 1357 
1354 1355 1357 1358 
1356 1357 1359 1360 
1357 1358 1360 1361 
1359 1360 1362 1363 
1360 1361 1363 1364 
1362 1363 1365 1366 
1363 1364 1366 1367 
1365 1366 1368 1369 
1366 1367 1369 1370 
1368 1369 1371 1372 
1369 1370 1372 1373 
1371 1372 1374 1375 
1372 1373 1375 1376 
1374 1375 1377 1378 
1375 1376 1378 1379 
1377 1378 1380 1381 
1378 1379 1381 1382 
1380 1381 1383 1384 
1381 1382 1384 1385 
1383 1384 1386 1387 
1384 1385 1387 1388 
1386 1387 1389 1390 
1387 1388 1390 1391 
1389 1390 1392 1393 
1390 1391 1393 1394 
1392 1393 1395 1396 
1393 1394 1396 1397 
1395 1396 1398 1399 
1396 1397 1399 1400 
1398 1399 1401 1402 
1399 1400 1402 1403 
1401 1402 1404 1405 
1402 1403 1405 1406 
1404 1405 1407 1408 
1405 1406 1408 1409 
1407 1408 1410 1411 
1408 1409 1411 1412 
1410 1411 1413 1414 
1411 1412 1414 1415 
1413 1414 1416 1417 
1414 1415 1417 1418 
1416 1417 1419 1420 
1417 1418 1420 1421 
1419 1420 1422 1423 
1420 1421 1423 1424 
1422 1423 1425 1426 
1423 1424 1426 1427 
1425 1426 1428 1429 
1426 1427 1429 1430 
1428 1429 1431 1432 
1429 1430 1432 1433 
1431 1432 1434 1435 
1432 1433 1435 1436 
1434 1435 1437 1438 
1435 1436 1438 1439 
1437 1438 1440 1441 
1438 1439 1441 1442 
1440 1441 1443 1444 
1441 1442 1444 1445 
1443 1444 1446 1447 
1444 1445 1447 1448 
1446 1447 1449 1450 
1447 1448 1450 1451 
1449 1450 1452 1453 
1450 1451 1453 1454 
1452 1453 1455 1456 
1453 1454 1456 1457 
1455 1456 1458 1459 
1456 1457 1459 1460 
1458 1459 1461 1462 
1459 1460 1462 1463 
1461 1462 1464 1465 
1462 1463 1465 1466 
1464 1465 1467 1468 
1465 1466 1468 1469 
1467 1468 1470 1471 
1468 1469 1471 1472 
1470 1471 1473 1474 
1471 1472 1474 1475 
1473 1474 1476 1477 
1474 1475 1477 1478 
1476 1477 1479 1480 
1477 1478 1480 1481 
1479 1480 1482 1483 
1480 1481 1483 1484 
1482 1483 1485 1486 
1483 1484 1486 1487 
1485 1486 1488 1489 
1486 1487 1489 1490 
1488 1489 1491 1492 
1489 1490 1492 1493 
1491 1492 1494 1495 
1492 1493 1495 1496 
1494 1495 1497 1498 
1495 1496 1498 1499 
1497 1498 1500 1501 
1498 1499 1501 1502 
1500 1501 1503 1504 
1501 1502 1504 1505 
1503 1504 1506 1507 
1504 1505 1507 1508 
1506 1507 1509 1510 
1507 1508 1510 1511 
1509 1510 1512 1513 
1510 1511 1513 1514 
1512 1513 1515 1516 
1513 1514 1516 1517 
1515 1516 1518 1519 
1516 1517 1519 1520 
1518 1519 1521 1522 
1519 1520 1522 1523 
1521 1522 1524 1525 
1522 1523 1525 1526 
1524 1525 1527 1528 
1525 1526 1528 1529 
1527 1528 1530 1531 
1528 1529 1531 1532 
1530 1531 1533 1534 
1531 1532 1534 1535 
1533 1534 1536 1537 
1534 1535 1537 1538 
1536 1537 1539 1540 
1537 1538 1540 1541 
1539 1540 1542 1543 
1540 1541 1543 1544 
1542 1543 1545 1546 
1543 1544 1546 1547 
1545 1546 1548 1549 
1546 1547 1549 1550 
1548 1549 1551 1552 
1549 1550 1552 1553 
1551 1552 1554 1555 
1552 1553 1555 1556 
1554 1555 1557 1558 
1555 1556 1558 1559 
1557 1558 1560 1561 
1558 1559 1561 1562 
1560 1561 1563 1564 
1561 1562 1564 1565 
1563 1564 1566 1567 
1564 1565 1567 1568 
1566 1567 1569 1570 
1567 1568 1570 1571 
1569 1570 1572 1573 
1570 1571 1573 1574 
1572 1573 1575 1576 
1573 1574 1576 1577 
1575 1576 1578 1579 
1576 1577 1579 1580 
1578 1579 1581 1582 
1579 1580 1582 1583 
1581 1582 1584 1585 
1582 1583 1585 1586 
1584 1585 1587 1588 
1585 1586 1588 1589 
1587 1588 1590 1591 
1588 1589 1591 1592 
1590 1591 1593 1594 
1591 1592 1594 1595 
1593 1594 1596 1597 
1594 1595 1597 1598 
1596 1597 1599 1600 
1597 1598 1600 1601 
1599 1600 1602 1603 
1600 1601 1603 1604 
1602 1603 1605 1606 
1603 1604 1606 1607 
1605 1606 1608 1609 
1606 1607 1609 1610 
1608 1609 1611 1612 
1609 1610 1612 1613 
1611 1612 1614 1615 
1612 1613 1615 1616 
1614 1615 1617 1618 
1615 1616 1618 1619 
1617 1618 1620 1621 
1618 1619 1621 1622 
1620 1621 1623 1624 
1621 1622 1624 1625 
1623 1624 1626 1627 
1624 1625 1627 1628 
1626 1627 1629 1630 
1627 1628 1630 1631 
1629 1630 1632 1633 
1630 1631 1633 1634 
1632 1633 1635 1636 
1633 1634 1636 1637 
1635 1636 1638 1639 
1636 1637 1639 1640 
1638 1639 1641 1642 
1639 1640 1642 1643 
1641 1642 1644 1645 
1642 1643 1645 1646 
1644 1645 1647 1648 
1645 1646 1648 1649 
1647 1648 1650 1651 
1648 1649 1651 1652 
1650 1651 1653 1654 
1651 1652 1654 1655 
1653 1654 1656 1657 
1654 1655 1657 1658 
1656 1657 1659 1660 
1657 1658 1660 1661 
1659 1660 1662 1663 
1660 1661 1663 1664 
1662 1663 1665 1666 
1663 1664 1666 1667 
1665 1666 1668 1669 
1666 1667 1669 1670 
1668 1669 1671 1672 
1669 1670 1672 1673 
1671 1672 1674 1675 
1672 1673 1675 1676 
1674 1675 1677 1678 
1675 1676 1678 1679 
1677 1678 1680 1681 
1678 1679 1681 1682 
1680 1681 1683 1684 
1681 1682 1684 1685 
1683 1684 1686 1687 
1684 1685 1687 1688 
1686 1687 1689 1690 
1687 1688 1690 1691 
1689 1690 1692 1693 
1690 1691 1693 1694 
1692 1693 1695 1696 
1693 1694 1696 1697 
1695 1696 1698 1699 
1696 1697 1699 1700 
1698 1699 1701 1702 
1699 1700 1702 1703 
1701 1702 1704 1705 
1702 1703 1705 1706 
1704 1705 1707 1708 
1705 1706 1708 1709 
1707 1708 1710 1711 
1708 1709 1711 1712 
1710 1711 1713 1714 
1711 1712 1714 1715 
1713 1714 1716 1717 
1714 1715 1717 1718 
1716 1717 1719 1720 
1717 1718 1720 1721 
1719 1720 1722 1723 
1720 1721 1723 1724 
1722 1723 1725 1726 
1723 1724 1726 1727 
1725 1726 1728 1729 
1726 1727 1729 1730 
1728 1729 1731 1732 
1729 1730 1732 1733 
1731 1732 1734 1735 
1732 1733 1735 1736 
1734 1735 1737 1738 
1735 1736 1738 1739 
1737 1738 1740 1741 
1738 1739 1741 1742 
1740 1741 1743 1744 
1741 1742 1744 1745 
1743 1744 1746 1747 
1744 1745 1747 1748 
1746 1747 1749 1750 
1747 1748 1750 1751 
1749 1750 1752 1753 
1750 1751 1753 1754 
1752 1753 1755 1756 
1753 1754 1756 1757 
1755 1756 1758 1759 
1756 1757 1759 1760 
1758 1759 1761 1762 
1759 1760 1762 1763 
1761 1762 1764 1765 
1762 1763 1765 1766 
1764 1765 1767 1768 
1765 1766 1768 1769 
1767 1768 1770 1771 
1768 1769 1771 1772 
1770 1771 1773 1774 
1771 1772 1774 1775 
1773 1774 1776 1777 
1774 1775 1777 1778 
1776 1777 1779 1780 
1777 1778 1780 1781 
1779 1780 1782 1783 
1780 1781 1783 1784 
1782 1783 1785 1786 
1783 1784 1786 1787 
1785 1786 1788 1789 
1786 1787 1789 1790 
1788 1789 1791 1792 
1789 1790 1792 1793 
1791 1792 1794 1795 
1792 1793 1795 1796 
1794 1795 1797 1798 
1795 1796 1798 1799 
1797 1798 1800 1801 
1798 1799 1801 1802 
1800 1801 1803 1804 
1801 1802 1804 1805 
1803 1804 1806 1807 
1804 1805 1807 1808 
1806 1807 1809 1810 
1807 1808 1810 1811 
1809 1810 1812 1813 
1810 1811 1813 1814 
1812 1813 1815 1816 
1813 1814 1816 1817 
1815 1816 1818 1819 
1816 1817 1819 1820 
1818 1819 1821 1822 
1819 1820 1822 1823 
1821 1822 1824 1825 
1822 1823 1825 1826 
1824 1825 1827 1828 
1825 1826 1828 1829 
1827 1828 1830 1831 
1828 1829 1831 1832 
1830 1831 1833 1834 
1831 1832 1834 1835 
1833 1834 1836 1837 
1834 1835 1837 1838 
1836 1837 1839 1840 
1837 1838 1840 1841 
1839 1840 1842 1843 
1840 1841 1843 1844 
1842 1843 1845 1846 
1843 1844 1846 1847 
1845 1846 1848 1849 
1846 1847 1849 1850 
1848 1849 1851 1852 
1849 1850 1852 1853 
1851 1852 1854 1855 
1852 1853 1855 1856 
1854 1855 1857 1858 
1855 1856 1858 1859 
1857 1858 1860 1861 
1858 1859 1861 1862 
1860 1861 1863 1864 
1861 1862 1864 1865 
1863 1864 1866 1867 
1864 1865 1867 1868 
1866 1867 1869 1870 
1867 1868 1870 1871 
1869 1870 1872 1873 
1870 1871 1873 1874 
1872 1873 1875 1876 
1873 1874 1876 1877 
1875 1876 1878 1879 
1876 1877 1879 1880 
1878 1879 1881 1882 
1879 1880 1882 1883 
1881 1882 1884 1885 
1882 1883 1885 1886 
1884 1885 1887 1888 
1885 1886 1888 1889 
1887 1888 1890 1891 
1888 1889 1891 1892 
1890 1891 1893 1894 
1891 1892 1894 1895 
1893 1894 1896 1897 
1894 1895 1897 1898 
1896 1897 1899 1900 
1897 1898 1900 1901 
1899 1900 1902 1903 
1900 1901 1903 1904 
1902 1903 1905 1906 
1903 1904 1906 1907 
1905 1906 1908 1909 
1906 1907 1909 1910 
1908 1909 1911 1912 
1909 1910 1912 1913 
1911 1912 1914 1915 
1912 1913 1915 1916 
1914 1915 1917 1918 
1915 1916 1918 1919 
1917 1918 1920 1921 
1918 1919 1921 1922 
1920 1921 1923 1924 
1921 1922 1924 1925 
1923 1924 1926 1927 
1924 1925 1927 1928 
1926 1927 1929 1930 
1927 1928 1930 1931 
1929 1930 1932 1933 
1930 1931 1933 1934 
1932 1933 1935 1936 
1933 1934 1936 1937 
1935 1936 1938 1939 
1936 1937 1939 1940 
1938 1939 1941 1942 
1939 1940 1942 1943 
1941 1942 1944 1945 
1942 1943 1945 1946 
1944 1945 1947 1948 
1945 1946 1948 1949 
1947 1948 1950 1951 
1948 1949 1951 1952 
1950 1951 1953 1954 
1951 1952 1954 1955 
1953 1954 1956 1957 
1954 1955 1957 1958 
1956 1957 1959 1960 
1957 1958 1960 1961 
1959 1960 1962 1963 
1960 1961 1963 1964 
1962 1963 1965 1966 
1963 1964 1966 1967 
1965 1966 1968 1969 
1966 1967 1969 1970 
1968 1969 1971 1972 
1969 1970 1972 1973 
1971 1972 1974 1975 
1972 1973 1975 1976 
1974 1975 1977 1978 
1975 1976 1978 1979 
1977 1978 1980 1981 
1978 1979 1981 1982 
1980 1981 1983 1984 
1981 1982 1984 1985 
1983 1984 1986 1987 
1984 1985 1987 1988 
1986 1987 1989 1990 
1987 1988 1990 1991 
1989 1990 1992 1993 
1990 1991 1993 1994 
1992 1993 1995 1996 
1993 1994 1996 1997 
1995 1996 1998 1999 
1996 1997 1999 2000 
1998 1999 2001 2002 
1999 2000 2002 2003 
2001 2002 2004 2005 
2002 2003 2005 2006 
2004 2005 2007 2008 
2005 2006 2008 2009 
2007 2008 2010 2011 
2008 2009 2011 2012 
2010 2011 2013 2014 
2011 2012 2014 2015 
2013 2014 2016 2017 
2014 2015 2017 2018 
2016 2017 2019 2020 
2017 2018 2020 2021 
2019 2020 2022 2023 
2020 2021 2023 2024 
2022 2023 2025 2026 
2023 2024 2026 2027 
2025 2026 2028 2029 
2026 2027 2029 2030 
2028 2029 2031 2032 
2029 2030 2032 2033 
2031 2032 2034 2035 
2032 2033 2035 2036 
2034 2035 2037 2038 
2035 2036 2038 2039 
2037 2038 2040 2041 
2038 2039 2041 2042 
2040 2041 2043 2044 
2041 2042 2044 2045 
2043 2044 2046 2047 
2044 2045 2047 2048 
2046 2047 2049 2050 
2047 2048 2050 2051 
2049 2050 2052 2053 
2050 2051 2053 2054 
2052 2053 2055 2056 
2053 2054 2056 2057 
2055 2056 2058 2059 
2056 2057 2059 2060 
2058 2059 2061 2062 
2059 2060 2062 2063 
2061 2062 2064 2065 
2062 2063 2065 2066 
2064 2065 2067 2068 
2065 2066 2068 2069 
2067 2068 2070 2071 
2068 2069 2071 2072 
2070 2071 2073 2074 
2071 2072 2074 2075 
2073 2074 2076 2077 
2074 2075 2077 2078 
2076 2077 2079 2080 
2077 2078 2080 2081 
2079 2080 2082 2083 
2080 2081 2083 2084 
2082 2083 2085 2086 
2083 2084 2086 2087 
2085 2086 2088 2089 
2086 2087 2089 2090 
2088 2089 2091 2092 
2089 2090 2092 2093 
2091 2092 2094 2095 
2092 2093 2095 2096 
2094 2095 2097 2098 
2095 2096 2098 2099 
2097 2098 2100 2101 
2098 2099 2101 2102 
2100 2101 2103 2104 
2101 2102 2104 2105 
2103 2104 2106 2107 
2104 2105 2107 2108 
2106 2107 2109 2110 
2107 2108 2110 2111 
2109 2110 2112 2113 
2110 2111 2113 2114 
2112 2113 2115 2116 
2113 2114 2116 2117 
2115 2116 2118 2119 
2116 2117 2119 2120 
2118 2119 2121 2122 
2119 2120 2122 2123 
2121 2122 2124 2125 
2122 2123 2125 2126 
2124 2125 2127 2128 
2125 2126 2128 2129 
2127 2128 2130 2131 
2128 2129 2131 2132 
2130 2131 2133 2134 
2131 2132 2134 2135 
2133 2134 2136 2137 
2134 2135 2137 2138 
2136 2137 2139 2140 
2137 2138 2140 2141 
2139 2140 2142 2143 
2140 2141 2143 2144 
2142 2143 2145 2146 
2143 2144 2146 2147 
2145 2146 2148 2149 
2146 2147 2149 2150 
2148 2149 2151 2152 
2149 2150 2152 2153 
2151 2152 2154 2155 
2152 2153 2155 2156 
2154 2155 2157 2158 
2155 2156 2158 2159 
2157 2158 2160 2161 
2158 2159 2161 2162 
2160 2161 2163 2164 
2161 2162 2164 2165 
2163 2164 2166 2167 
2164 2165 2167 2168 
2166 2167 2169 2170 
2167 2168 2170 2171 
2169 2170 2172 2173 
2170 2171 2173 2174 
2172 2173 2175 2176 
2173 2174 2176 2177 
2175 2176 2178 2179 
2176 2177 2179 2180 
2178 2179 2181 2182 
2179 2180 2182 2183 
2181 2182 2184 2185 
2182 2183 2185 2186 
2184 2185 2187 2188 
2185 2186 2188 2189 
2187 2188 2190 2191 
2188 2189 2191 2192 
2190 2191 2193 2194 
2191 2192 2194 2195 
2193 2194 2196 2197 
2194 2195 2197 2198 
2196 2197 2199 2200 
2197 2198 2200 2201 
2199 2200 2202 2203 
2200 2201 2203 2204 
2202 2203 2205 2206 
2203 2204 2206 2207 
2205 2206 2208 2209 
2206 2207 2209 2210 
2208 2209 2211 2212 
2209 2210 2212 2213 
2211 2212 2214 2215 
2212 2213 2215 2216 
2214 2215 2217 2218 
2215 2216 2218 2219 
2217 2218 2220 2221 
2218 2219 2221 2222 
2220 2221 2223 2224 
2221 2222 2224 2225 
2223 2224 2226 2227 
2224 2225 2227 2228 
2226 2227 2229 2230 
2227 2228 2230 2231 
2229 2230 2232 2233 
2230 2231 2233 2234 
2232 2233 2235 2236 
2233 2234 2236 2237 
2235 2236 2238 2239 
2236 2237 2239 2240 
2238 2239 2241 2242 
2239 2240 2242 2243 
2241 2242 2244 2245 
2242 2243 2245 2246 
2244 2245 2247 2248 
2245 2246 2248 2249 
2247 2248 2250 2251 
2248 2249 2251 2252 
2250 2251 2253 2254 
2251 2252 2254 2255 
2253 2254 2256 2257 
2254 2255 2257 2258 
2256 2257 2259 2260 
2257 2258 2260 2261 
2259 2260 2262 2263 
2260 2261 2263 2264 
2262 2263 2265 2266 
2263 2264 2266 2267 
2265 2266 2268 2269 
2266 2267 2269 2270 
2268 2269 2271 2272 
2269 2270 2272 2273 
2271 2272 2274 2275 
2272 2273 2275 2276 
2274 2275 2277 2278 
2275 2276 2278 2279 
2277 2278 2280 2281 
2278 2279 2281 2282 
2280 2281 2283 2284 
2281 2282 2284 2285 
2283 2284 2286 2287 
2284 2285 2287 2288 
2286 2287 2289 2290 
2287 2288 2290 2291 
2289 2290 2292 2293 
2290 2291 2293 2294 
2292 2293 2295 2296 
2293 2294 2296 2297 
2295 2296 2298 2299 
2296 2297 2299 2300 
2298 2299 2301 2302 
2299 2300 2302 2303 
2301 2302 2304 2305 
2302 2303 2305 2306 
2304 2305 2307 2308 
2305 2306 2308 2309 
2307 2308 2310 2311 
2308 2309 2311 2312 
2310 2311 2313 2314 
2311 2312 2314 2315 
2313 2314 2316 2317 
2314 2315 2317 2318 
2316 2317 2319 2320 
2317 2318 2320 2321 
2319 2320 2322 2323 
2320 2321 2323 2324 
2322 2323 2325 2326 
2323 2324 2326 2327 
2325 2326 2328 2329 
2326 2327 2329 2330 
2328 2329 2331 2332 
2329 2330 2332 2333 
2331 2332 2334 2335 
2332 2333 2335 2336 
2334 2335 2337 2338 
2335 2336 2338 2339 
2337 2338 2340 2341 
2338 2339 2341 2342 
2340 2341 2343 2344 
2341 2342 2344 2345 
2343 2344 2346 2347 
2344 2345 2347 2348 
2346 2347 2349 2350 
2347 2348 2350 2351 
2349 2350 2352 2353 
2350 2351 2353 2354 
2352 2353 2355 2356 
2353 2354 2356 2357 
2355 2356 2358 2359 
2356 2357 2359 2360 
2358 2359 2361 2362 
2359 2360 2362 2363 
2361 2362 2364 2365 
2362 2363 2365 2366 
2364 2365 2367 2368 
2365 2366 2368 2369 
2367 2368 2370 2371 
2368 2369 2371 2372 
2370 2371 2373 2374 
2371 2372 2374 2375 
2373 2374 2376 2377 
2374 2375 2377 2378 
2376 2377 2379 2380 
2377 2378 2380 2381 
2379 2380 2382 2383 
2380 2381 2383 2384 
2382 2383 2385 2386 
2383 2384 2386 2387 
2385 2386 2388 2389 
2386 2387 2389 2390 
2388 2389 2391 2392 
2389 2390 2392 2393 
2391 2392 2394 2395 
2392 2393 2395 2396 
2394 2395 2397 2398 
2395 2396 2398 2399 
2397 2398 2400 2401 
2398 2399 2401 2402 
2400 2401 2403 2404 
2401 2402 2404 2405 
2403 2404 2406 2407 
2404 2405 2407 2408 
2406 2407 2409 2410 
2407 2408 2410 2411 
2409 2410 2412 2413 
2410 2411 2413 2414 
2412 2413 2415 2416 
2413 2414 2416 2417 
2415 2416 2418 2419 
2416 2417 2419 2420 
2418 2419 2421 2422 
2419 2420 2422 2423 
2421 2422 2424 2425 
2422 2423 2425 2426 
2424 2425 2427 2428 
2425 2426 2428 2429 
2427 2428 2430 2431 
2428 2429 2431 2432 
2430 2431 2433 2434 
2431 2432 2434 2435 
2433 2434 2436 2437 
2434 2435 2437 2438 
2436 2437 2439 2440 
2437 2438 2440 2441 
2439 2440 2442 2443 
2440 2441 2443 2444 
2442 2443 2445 2446 
2443 2444 2446 2447 
2445 2446 2448 2449 
2446 2447 2449 2450 
2448 2449 2451 2452 
2449 2450 2452 2453 
2451 2452 2454 2455 
2452 2453 2455 2456 
2454 2455 2457 2458 
2455 2456 2458 2459 
2457 2458 2460 2461 
2458 2459 2461 2462 
2460 2461 2463 2464 
2461 2462 2464 2465 
2463 2464 2466 2467 
2464 2465 2467 2468 
2466 2467 2469 2470 
2467 2468 2470 2471 
2469 2470 2472 2473 
2470 2471 2473 2474 
2472 2473 2475 2476 
2473 2474 2476 2477 
2475 2476 2478 2479 
2476 2477 2479 2480 
2478 2479 2481 2482 
2479 2480 2482 2483 
2481 2482 2484 2485 
2482 2483 2485 2486 
2484 2485 2487 2488 
2485 2486 2488 2489 
2487 2488 2490 2491 
2488 2489 2491 2492 
2490 2491 2493 2494 
2491 2492 2494 2495 
2493 2494 2496 2497 
2494 2495 2497 2498 
2496 2497 2499 2500 
2497 2498 2500 2501 
2499 2500 2502 2503 
2500 2501 2503 2504 
2502 2503 2505 2506 
2503 2504 2506 2507 
2505 2506 2508 2509 
2506 2507 2509 2510 
2508 2509 2511 2512 
2509 2510 2512 2513 
2511 2512 2514 2515 
2512 2513 2515 2516 
2514 2515 2517 2518 
2515 2516 2518 2519 
2517 2518 2520 2521 
2518 2519 2521 2522 
2520 2521 2523 2524 
2521 2522 2524 2525 
2523 2524 2526 2527 
2524 2525 2527 2528 
2526 2527 2529 2530 
2527 2528 2530 2531 
2529 2530 2532 2533 
2530 2531 2533 2534 
2532 2533 2535 2536 
2533 2534 2536 2537 
2535 2536 2538 2539 
2536 2537 2539 2540 
2538 2539 2541 2542 
2539 2540 2542 2543 
2541 2542 2544 2545 
2542 2543 2545 2546 
2544 2545 2547 2548 
2545 2546 2548 2549 
2547 2548 2550 2551 
2548 2549 2551 2552 
2550 2551 2553 2554 
2551 2552 2554 2555 
2553 2554 2556 2557 
2554 2555 2557 2558 
2556 2557 2559 2560 
2557 2558 2560 2561 
2559 2560 2562 2563 
2560 2561 2563 2564 
2562 2563 2565 2566 
2563 2564 2566 2567 
2565 2566 2568 2569 
2566 2567 2569 2570 
2568 2569 2571 2572 
2569 2570 2572 2573 
2571 2572 2574 2575 
2572 2573 2575 2576 
2574 2575 2577 2578 
2575 2576 2578 2579 
2577 2578 2580 2581 
2578 2579 2581 2582 
2580 2581 2583 2584 
2581 2582 2584 2585 
2583 2584 2586 2587 
2584 2585 2587 2588 
2586 2587 2589 2590 
2587 2588 2590 2591 
2589 2590 2592 2593 
2590 2591 2593 2594 
2592 2593 2595 2596 
2593 2594 2596 2597 
2595 2596 2598 2599 
2596 2597 2599 2600 
2598 2599 2601 2602 
2599 2600 2602 2603 
2601 2602 2604 2605 
2602 2603 2605 2606 
2604 2605 2607 2608 
2605 2606 2608 2609 
2607 2608 2610 2611 
2608 2609 2611 2612 
2610 2611 2613 2614 
2611 2612 2614 2615 
2613 2614 2616 2617 
2614 2615 2617 2618 
2616 2617 2619 2620 
2617 2618 2620 2621 
2619 2620 2622 2623 
2620 2621 2623 2624 
2622 2623 2625 2626 
2623 2624 2626 2627 
2625 2626 2628 2629 
2626 2627 2629 2630 
2628 2629 2631 2632 
2629 2630 2632 2633 
2631 2632 2634 2635 
2632 2633 2635 2636 
2634 2635 2637 2638 
2635 2636 2638 2639 
2637 2638 2640 2641 
2638 2639 2641 2642 
2640 2641 2643 2644 
2641 2642 2644 2645 
2643 2644 2646 2647 
2644 2645 2647 2648 
2646 2647 2649 2650 
2647 2648 2650 2651 
2649 2650 2652 2653 
2650 2651 2653 2654 
2652 2653 2655 2656 
2653 2654 2656 2657 
2655 2656 2658 2659 
2656 2657 2659 2660 
2658 2659 2661 2662 
2659 2660 2662 2663 
2661 2662 2664 2665 
2662 2663 2665 2666 
2664 2665 2667 2668 
2665 2666 2668 2669 
2667 2668 2670 2671 
2668 2669 2671 2672 
2670 2671 2673 2674 
2671 2672 2674 2675 
2673 2674 2676 2677 
2674 2675 2677 2678 
2676 2677 2679 2680 
2677 2678 2680 2681 
2679 2680 2682 2683 
2680 2681 2683 2684 
2682 2683 2685 2686 
2683 2684 2686 2687 
2685 2686 2688 2689 
2686 2687 2689 2690 
2688 2689 2691 2692 
2689 2690 2692 2693 
2691 2692 2694 2695 
2692 2693 2695 2696 
2694 2695 2697 2698 
2695 2696 2698 2699 
2697 2698 2700 2701 
2698 2699 2701 2702 
2700 2701 2703 2704 
2701 2702 2704 2705 
2703 2704 2706 2707 
2704 2705 2707 2708 
2706 2707 2709 2710 
2707 2708 2710 2711 
2709 2710 2712 2713 
2710 2711 2713 2714 
2712 2713 2715 2716 
2713 2714 2716 2717 
2715 2716 2718 2719 
2716 2717 2719 2720 
2718 2719 2721 2722 
2719 2720 2722 2723 
2721 2722 2724 2725 
2722 2723 2725 2726 
2724 2725 2727 2728 
2725 2726 2728 2729 
2727 2728 2730 2731 
2728 2729 2731 2732 
2730 2731 2733 2734 
2731 2732 2734 2735 
2733 2734 2736 2737 
2734 2735 2737 2738 
2736 2737 2739 2740 
2737 2738 2740 2741 
2739 2740 2742 2743 
2740 2741 2743 2744 
2742 2743 2745 2746 
2743 2744 2746 2747 
2745 2746 2748 2749 
2746 2747 2749 2750 
2748 2749 2751 2752 
2749 2750 2752 2753 
2751 2752 2754 2755 
2752 2753 2755 2756 
2754 2755 2757 2758 
2755 2756 2758 2759 
2757 2758 2760 2761 
2758 2759 2761 2762 
2760 2761 2763 2764 
2761 2762 2764 2765 
2763 2764 2766 2767 
2764 2765 2767 2768 
2766 2767 2769 2770 
2767 2768 2770 2771 
2769 2770 2772 2773 
2770 2771 2773 2774 
2772 2773 2775 2776 
2773 2774 2776 2777 
2775 2776 2778 2779 
2776 2777 2779 2780 
2778 2779 2781 2782 
2779 2780 2782 2783 
2781 2782 2784 2785 
2782 2783 2785 2786 
2784 2785 2787 2788 
2785 2786 2788 2789 
2787 2788 2790 2791 
2788 2789 2791 2792 
2790 2791 2793 2794 
2791 2792 2794 2795 
2793 2794 2796 2797 
2794 2795 2797 2798 
2796 2797 2799 2800 
2797 2798 2800 2801 
2799 2800 2802 2803 
2800 2801 2803 2804 
2802 2803 2805 2806 
2803 2804 2806 2807 
2805 2806 2808 2809 
2806 2807 2809 2810 
2808 2809 2811 2812 
2809 2810 2812 2813 
2811 2812 2814 2815 
2812 2813 2815 2816 
2814 2815 2817 2818 
2815 2816 2818 2819 
2817 2818 2820 2821 
2818 2819 2821 2822 
2820 2821 2823 2824 
2821 2822 2824 2825 
2823 2824 2826 2827 
2824 2825 2827 2828 
2826 2827 2829 2830 
2827 2828 2830 2831 
2829 2830 2832 2833 
2830 2831 2833 2834 
2832 2833 2835 2836 
2833 2834 2836 2837 
2835 2836 2838 2839 
2836 2837 2839 2840 
2838 2839 2841 2842 
2839 2840 2842 2843 
2841 2842 2844 2845 
2842 2843 2845 2846 
2844 2845 2847 2848 
2845 2846 2848 2849 
2847 2848 2850 2851 
2848 2849 2851 2852 
2850 2851 2853 2854 
2851 2852 2854 2855 
2853 2854 2856 2857 
2854 2855 2857 2858 
2856 2857 2859 2860 
2857 2858 2860 2861 
2859 2860 2862 2863 
2860 2861 2863 2864 
2862 2863 2865 2866 
2863 2864 2866 2867 
2865 2866 2868 2869 
2866 2867 2869 2870 
2868 2869 2871 2872 
2869 2870 2872 2873 
2871 2872 2874 2875 
2872 2873 2875 2876 
2874 2875 2877 2878 
2875 2876 2878 2879 
2877 2878 2880 2881 
2878 2879 2881 2882 
2880 2881 2883 2884 
2881 2882 2884 2885 
2883 2884 2886 2887 
2884 2885 2887 2888 
2886 2887 2889 2890 
2887 2888 2890 2891 
2889 2890 2892 2893 
2890 2891 2893 2894 
2892 2893 2895 2896 
2893 2894 2896 2897 
2895 2896 2898 2899 
2896 2897 2899 2900 
2898 2899 2901 2902 
2899 2900 2902 2903 
2901 2902 2904 2905 
2902 2903 2905 2906 
2904 2905 2907 2908 
2905 2906 2908 2909 
2907 2908 2910 2911 
2908 2909 2911 2912 
2910 2911 2913 2914 
2911 2912 2914 2915 
2913 2914 2916 2917 
2914 2915 2917 2918 
2916 2917 2919 2920 
2917 2918 2920 2921 
2919 2920 2922 2923 
2920 2921 2923 2924 
2922 2923 2925 2926 
2923 2924 2926 2927 
2925 2926 2928 2929 
2926 2927 2929 2930 
2928 2929 2931 2932 
2929 2930 2932 2933 
2931 2932 2934 2935 
2932 2933 2935 2936 
2934 2935 2937 2938 
2935 2936 2938 2939 
2937 2938 2940 2941 
2938 2939 2941 2942 
2940 2941 2943 2944 
2941 2942 2944 2945 
2943 2944 2946 2947 
2944 2945 2947 2948 
2946 2947 2949 2950 
2947 2948 2950 2951 
2949 2950 2952 2953 
2950 2951 2953 2954 
2952 2953 2955 2956 
2953 2954 2956 2957 
2955 2956 2958 2959 
2956 2957 2959 2960 
2958 2959 2961 2962 
2959 2960 2962 2963 
2961 2962 2964 2965 
2962 2963 2965 2966 
2964 2965 2967 2968 
2965 2966 2968 2969 
2967 2968 2970 2971 
2968 2969 2971 2972 
2970 2971 2973 2974 
2971 2972 2974 2975 
2973 2974 2976 2977 
2974 2975 2977 2978 
2976 2977 2979 2980 
2977 2978 2980 2981 
2979 2980 2982 2983 
2980 2981 2983 2984 
2982 2983 2985 2986 
2983 2984 2986 2987 
2985 2986 2988 2989 
2986 2987 2989 2990 
2988 2989 2991 2992 
2989 2990 2992 2993 
2991 2992 2994 2995 
2992 2993 2995 2996 
2994 2995 2997 2998 
2995 2996 2998 2999 
2997 2998 3000 3001 
2998 2999 3001 3002 
3000 3001 3003 3004 
3001 3002 3004 3005 
3003 3004 3006 3007 
3004 3005 3007 3008 
3006 3007 3009 3010 
3007 3008 3010 3011 
3009 3010 3012 3013 
3010 3011 3013 3014 
3012 3013 3015 3016 
3013 3014 3016 3017 
3015 3016 3018 3019 
3016 3017 3019 3020 
3018 3019 3021 3022 
3019 3020 3022 3023 
3021 3022 3024 3025 
3022 3023 3025 3026 
3024 3025 3027 3028 
3025 3026 3028 3029 
3027 3028 3030 3031 
3028 3029 3031 3032 
3030 3031 3033 3034 
3031 3032 3034 3035 
3033 3034 3036 3037 
3034 3035 3037 3038 
3036 3037 3039 3040 
3037 3038 3040 3041 
3039 3040 3042 3043 
3040 3041 3043 3044 
3042 3043 3045 3046 
3043 3044 3046 3047 
3045 3046 3048 3049 
3046 3047 3049 3050 
3048 3049 3051 3052 
3049 3050 3052 3053 
3051 3052 3054 3055 
3052 3053 3055 3056 
3054 3055 3057 3058 
3055 3056 3058 3059 
3057 3058 3060 3061 
3058 3059 3061 3062 
3060 3061 3063 3064 
3061 3062 3064 3065 
3063 3064 3066 3067 
3064 3065 3067 3068 
3066 3067 3069 3070 
3067 3068 3070 3071 
3069 3070 3072 3073 
3070 3071 3073 3074 
3072 3073 3075 3076 
3073 3074 3076 3077 
3075 3076 3078 3079 
3076 3077 3079 3080 
3078 3079 3081 3082 
3079 3080 3082 3083 
3081 3082 3084 3085 
3082 3083 3085 3086 
3084 3085 3087 3088 
3085 3086 3088 3089 
3087 3088 3090 3091 
3088 3089 3091 3092 
3090 3091 3093 3094 
3091 3092 3094 3095 
3093 3094 3096 3097 
3094 3095 3097 3098 
3096 3097 3099 3100 
3097 3098 3100 3101 
3099 3100 3102 3103 
3100 3101 3103 3104 
3102 3103 3105 3106 
3103 3104 3106 3107 
3105 3106 3108 3109 
3106 3107 3109 3110 
3108 3109 3111 3112 
3109 3110 3112 3113 
3111 3112 3114 3115 
3112 3113 3115 3116 
3114 3115 3117 3118 
3115 3116 3118 3119 
3117 3118 3120 3121 
3118 3119 3121 3122 
3120 3121 3123 3124 
3121 3122 3124 3125 
3123 3124 3126 3127 
3124 3125 3127 3128 
3126 3127 3129 3130 
3127 3128 3130 3131 
3129 3130 3132 3133 
3130 3131 3133 3134 
3132 3133 3135 3136 
3133 3134 3136 3137 
3135 3136 3138 3139 
3136 3137 3139 3140 
3138 3139 3141 3142 
3139 3140 3142 3143 
3141 3142 3144 3145 
3142 3143 3145 3146 
3144 3145 3147 3148 
3145 3146 3148 3149 
3147 3148 3150 3151 
3148 3149 3151 3152 
3150 3151 3153 3154 
3151 3152 3154 3155 
3153 3154 3156 3157 
3154 3155 3157 3158 
3156 3157 3159 3160 
3157 3158 3160 3161 
3159 3160 3162 3163 
3160 3161 3163 3164 
3162 3163 3165 3166 
3163 3164 3166 3167 
3165 3166 3168 3169 
3166 3167 3169 3170 
3168 3169 3171 3172 
3169 3170 3172 3173 
3171 3172 3174 3175 
3172 3173 3175 3176 
3174 3175 3177 3178 
3175 3176 3178 3179 
3177 3178 3180 3181 
3178 3179 3181 3182 
3180 3181 3183 3184 
3181 3182 3184 3185 
3183 3184 3186 3187 
3184 3185 3187 3188 
3186 3187 3189 3190 
3187 3188 3190 3191 
3189 3190 3192 3193 
3190 3191 3193 3194 
3192 3193 3195 3196 
3193 3194 3196 3197 
3195 3196 3198 3199 
3196 3197 3199 3200 
3198 3199 3201 3202 
3199 3200 3202 3203 
3201 3202 3204 3205 
3202 3203 3205 3206 
3204 3205 3207 3208 
3205 3206 3208 3209 
3207 3208 3210 3211 
3208 3209 3211 3212 
3210 3211 3213 3214 
3211 3212 3214 3215 
3213 3214 3216 3217 
3214 3215 3217 3218 
3216 3217 3219 3220 
3217 3218 3220 3221 
3219 3220 3222 3223 
3220 3221 3223 3224 
3222 3223 3225 3226 
3223 3224 3226 3227 
3225 3226 3228 3229 
3226 3227 3229 3230 
3228 3229 3231 3232 
3229 3230 3232 3233 
3231 3232 3234 3235 
3232 3233 3235 3236 
3234 3235 3237 3238 
3235 3236 3238 3239 
3237 3238 3240 3241 
3238 3239 3241 3242 
3240 3241 3243 3244 
3241 3242 3244 3245 
3243 3244 3246 3247 
3244 3245 3247 3248 
3246 3247 3249 3250 
3247 3248 3250 3251 
3249 3250 3252 3253 
3250 3251 3253 3254 
3252 3253 3255 3256 
3253 3254 3256 3257 
3255 3256 3258 3259 
3256 3257 3259 3260 
3258 3259 3261 3262 
3259 3260 3262 3263 
3261 3262 3264 3265 
3262 3263 3265 3266 
3264 3265 3267 3268 
3265 3266 3268 3269 
3267 3268 3270 3271 
3268 3269 3271 3272 
3270 3271 3273 3274 
3271 3272 3274 3275 
3273 3274 3276 3277 
3274 3275 3277 3278 
3276 3277 3279 3280 
3277 3278 3280 3281 
3279 3280 3282 3283 
3280 3281 3283 3284 
3282 3283 3285 3286 
3283 3284 3286 3287 
3285 3286 3288 3289 
3286 3287 3289 3290 
3288 3289 3291 3292 
3289 3290 3292 3293 
3291 3292 3294 3295 
3292 3293 3295 3296 
3294 3295 3297 3298 
3295 3296 3298 3299 
3297 3298 3300 3301 
3298 3299 3301 3302 
3300 3301 3303 3304 
3301 3302 3304 3305 
3303 3304 3306 3307 
3304 3305 3307 3308 
3306 3307 3309 3310 
3307 3308 3310 3311 
3309 3310 3312 3313 
3310 3311 3313 3314 
3312 3313 3315 3316 
3313 3314 3316 3317 
3315 3316 3318 3319 
3316 3317 3319 3320 
3318 3319 3321 3322 
3319 3320 3322 3323 
3321 3322 3324 3325 
3322 3323 3325 3326 
3324 3325 3327 3328 
3325 3326 3328 3329 
3327 3328 3330 3331 
3328 3329 3331 3332 
3330 3331 3333 3334 
3331 3332 3334 3335 
3333 3334 3336 3337 
3334 3335 3337 3338 
3336 3337 3339 3340 
3337 3338 3340 3341 
3339 3340 3342 3343 
3340 3341 3343 3344 
3342 3343 3345 3346 
3343 3344 3346 3347 
3345 3346 3348 3349 
3346 3347 3349 3350 
3348 3349 3351 3352 
3349 3350 3352 3353 
3351 3352 3354 3355 
3352 3353 3355 3356 
3354 3355 3357 3358 
3355 3356 3358 3359 
3357 3358 3360 3361 
3358 3359 3361 3362 
3360 3361 3363 3364 
3361 3362 3364 3365 
3363 3364 3366 3367 
3364 3365 3367 3368 
3366 3367 3369 3370 
3367 3368 3370 3371 
3369 3370 3372 3373 
3370 3371 3373 3374 
3372 3373 3375 3376 
3373 3374 3376 3377 
3375 3376 3378 3379 
3376 3377 3379 3380 
3378 3379 3381 3382 
3379 3380 3382 3383 
3381 3382 3384 3385 
3382 3383 3385 3386 
3384 3385 3387 3388 
3385 3386 3388 3389 
3387 3388 3390 3391 
3388 3389 3391 3392 
3390 3391 3393 3394 
3391 3392 3394 3395 
3393 3394 3396 3397 
3394 3395 3397 3398 
3396 3397 3399 3400 
3397 3398 3400 3401 
3399 3400 3402 3403 
3400 3401 3403 3404 
3402 3403 3405 3406 
3403 3404 3406 3407 
3405 3406 3408 3409 
3406 3407 3409 3410 
3408 3409 3411 3412 
3409 3410 3412 3413 
3411 3412 3414 3415 
3412 3413 3415 3416 
3414 3415 3417 3418 
3415 3416 3418 3419 
3417 3418 3420 3421 
3418 3419 3421 3422 
3420 3421 3423 3424 
3421 3422 3424 3425 
3423 3424 3426 3427 
3424 3425 3427 3428 
3426 3427 3429 3430 
3427 3428 3430 3431 
3429 3430 3432 3433 
3430 3431 3433 3434 
3432 3433 3435 3436 
3433 3434 3436 3437 
3435 3436 3438 3439 
3436 3437 3439 3440 
3438 3439 3441 3442 
3439 3440 3442 3443 
3441 3442 3444 3445 
3442 3443 3445 3446 
3444 3445 3447 3448 
3445 3446 3448 3449 
3447 3448 3450 3451 
3448 3449 3451 3452 
3450 3451 3453 3454 
3451 3452 3454 3455 
3453 3454 3456 3457 
3454 3455 3457 3458 
3456 3457 3459 3460 
3457 3458 3460 3461 
3459 3460 3462 3463 
3460 3461 3463 3464 
3462 3463 3465 3466 
3463 3464 3466 3467 
3465 3466 3468 3469 
3466 3467 3469 3470 
3468 3469 3471 3472 
3469 3470 3472 3473 
3471 3472 3474 3475 
3472 3473 3475 3476 
3474 3475 3477 3478 
3475 3476 3478 3479 
3477 3478 3480 3481 
3478 3479 3481 3482 
3480 3481 3483 3484 
3481 3482 3484 3485 
3483 3484 3486 3487 
3484 3485 3487 3488 
3486 3487 3489 3490 
3487 3488 3490 3491 
3489 3490 3492 3493 
3490 3491 3493 3494 
3492 3493 3495 3496 
3493 3494 3496 3497 
3495 3496 3498 3499 
3496 3497 3499 3500 
3498 3499 3501 3502 
3499 3500 3502 3503 
3501 3502 3504 3505 
3502 3503 3505 3506 
3504 3505 3507 3508 
3505 3506 3508 3509 
3507 3508 3510 3511 
3508 3509 3511 3512 
3510 3511 3513 3514 
3511 3512 3514 3515 
3513 3514 3516 3517 
3514 3515 3517 3518 
3516 3517 3519 3520 
3517 3518 3520 3521 
3519 3520 3522 3523 
3520 3521 3523 3524 
3522 3523 3525 3526 
3523 3524 3526 3527 
3525 3526 3528 3529 
3526 3527 3529 3530 
3528 3529 3531 3532 
3529 3530 3532 3533 
3531 3532 3534 3535 
3532 3533 3535 3536 
3534 3535 3537 3538 
3535 3536 3538 3539 
3537 3538 3540 3541 
3538 3539 3541 3542 
3540 3541 3543 3544 
3541 3542 3544 3545 
3543 3544 3546 3547 
3544 3545 3547 3548 
3546 3547 3549 3550 
3547 3548 3550 3551 
3549 3550 3552 3553 
3550 3551 3553 3554 
3552 3553 3555 3556 
3553 3554 3556 3557 
3555 3556 3558 3559 
3556 3557 3559 3560 
3558 3559 3561 3562 
3559 3560 3562 3563 
3561 3562 3564 3565 
3562 3563 3565 3566 
3564 3565 3567 3568 
3565 3566 3568 3569 
3567 3568 3570 3571 
3568 3569 3571 3572 
3570 3571 3573 3574 
3571 3572 3574 3575 
3573 3574 3576 3577 
3574 3575 3577 3578 
3576 3577 3579 3580 
3577 3578 3580 3581 
3579 3580 3582 3583 
3580 3581 3583 3584 
3582 3583 3585 3586 
3583 3584 3586 3587 
3585 3586 3588 3589 
3586 3587 3589 3590 
3588 3589 3591 3592 
3589 3590 3592 3593 
3591 3592 3594 3595 
3592 3593 3595 3596 
3594 3595 3597 3598 
3595 3596 3598 3599 
3597 3598 3600 3601 
3598 3599 3601 3602 
3600 3601 3603 3604 
3601 3602 3604 3605 
3603 3604 3606 3607 
3604 3605 3607 3608 
3606 3607 3609 3610 
3607 3608 3610 3611 
3609 3610 3612 3613 
3610 3611 3613 3614 
3612 3613 3615 3616 
3613 3614 3616 3617 
3615 3616 3618 3619 
3616 3617 3619 3620 
3618 3619 3621 3622 
3619 3620 3622 3623 
3621 3622 3624 3625 
3622 3623 3625 3626 
3624 3625 3627 3628 
3625 3626 3628 3629 
3627 3628 3630 3631 
3628 3629 3631 3632 
3630 3631 3633 3634 
3631 3632 3634 3635 
3633 3634 3636 3637 
3634 3635 3637 3638 
3636 3637 3639 3640 
3637 3638 3640 3641 
3639 3640 3642 3643 
3640 3641 3643 3644 
3642 3643 3645 3646 
3643 3644 3646 3647 
3645 3646 3648 3649 
3646 3647 3649 3650 
3648 3649 3651 3652 
3649 3650 3652 3653 
3651 3652 3654 3655 
3652 3653 3655 3656 
3654 3655 3657 3658 
3655 3656 3658 3659 
3657 3658 3660 3661 
3658 3659 3661 3662 
3660 3661 3663 3664 
3661 3662 3664 3665 
3663 3664 3666 3667 
3664 3665 3667 3668 
3666 3667 3669 3670 
3667 3668 3670 3671 
3669 3670 3672 3673 
3670 3671 3673 3674 
3672 3673 3675 3676 
3673 3674 3676 3677 
3675 3676 3678 3679 
3676 3677 3679 3680 
3678 3679 3681 3682 
3679 3680 3682 3683 
3681 3682 3684 3685 
3682 3683 3685 3686 
3684 3685 3687 3688 
3685 3686 3688 3689 
3687 3688 3690 3691 
3688 3689 3691 3692 
3690 3691 3693 3694 
3691 3692 3694 3695 
3693 3694 3696 3697 
3694 3695 3697 3698 
3696 3697 3699 3700 
3697 3698 3700 3701 
3699 3700 3702 3703 
3700 3701 3703 3704 
3702 3703 3705 3706 
3703 3704 3706 3707 
3705 3706 3708 3709 
3706 3707 3709 3710 
3708 3709 3711 3712 
3709 3710 3712 3713 
3711 3712 3714 3715 
3712 3713 3715 3716 
3714 3715 3717 3718 
3715 3716 3718 3719 
3717 3718 3720 3721 
3718 3719 3721 3722 
3720 3721 3723 3724 
3721 3722 3724 3725 
3723 3724 3726 3727 
3724 3725 3727 3728 
3726 3727 3729 3730 
3727 3728 3730 3731 
3729 3730 3732 3733 
3730 3731 3733 3734 
3732 3733 3735 3736 
3733 3734 3736 3737 
3735 3736 3738 3739 
3736 3737 3739 3740 
3738 3739 3741 3742 
3739 3740 3742 3743 
3741 3742 3744 3745 
3742 3743 3745 3746 
3744 3745 3747 3748 
3745 3746 3748 3749 
3747 3748 3750 3751 
3748 3749 3751 3752 
3750 3751 3753 3754 
3751 3752 3754 3755 
3753 3754 3756 3757 
3754 3755 3757 3758 
3756 3757 3759 3760 
3757 3758 3760 3761 
3759 3760 3762 3763 
3760 3761 3763 3764 
3762 3763 3765 3766 
3763 3764 3766 3767 
3765 3766 3768 3769 
3766 3767 3769 3770 
3768 3769 3771 3772 
3769 3770 3772 3773 
3771 3772 3774 3775 
3772 3773 3775 3776 
3774 3775 3777 3778 
3775 3776 3778 3779 
3777 3778 3780 3781 
3778 3779 3781 3782 
3780 3781 3783 3784 
3781 3782 3784 3785 
3783 3784 3786 3787 
3784 3785 3787 3788 
3786 3787 3789 3790 
3787 3788 3790 3791 
3789 3790 3792 3793 
3790 3791 3793 3794 
3792 3793 3795 3796 
3793 3794 3796 3797 
3795 3796 3798 3799 
3796 3797 3799 3800 
3798 3799 3801 3802 
3799 3800 3802 3803 
3801 3802 3804 3805 
3802 3803 3805 3806 
3804 3805 3807 3808 
3805 3806 3808 3809 
3807 3808 3810 3811 
3808 3809 3811 3812 
3810 3811 3813 3814 
3811 3812 3814 3815 
3813 3814 3816 3817 
3814 3815 3817 3818 
3816 3817 3819 3820 
3817 3818 3820 3821 
3819 3820 3822 3823 
3820 3821 3823 3824 
3822 3823 3825 3826 
3823 3824 3826 3827 
3825 3826 3828 3829 
3826 3827 3829 3830 
3828 3829 3831 3832 
3829 3830 3832 3833 
3831 3832 3834 3835 
3832 3833 3835 3836 
3834 3835 3837 3838 
3835 3836 3838 3839 
3837 3838 3840 3841 
3838 3839 3841 3842 
3840 3841 3843 3844 
3841 3842 3844 3845 
3843 3844 3846 3847 
3844 3845 3847 3848 
3846 3847 3849 3850 
3847 3848 3850 3851 
3849 3850 3852 3853 
3850 3851 3853 3854 
3852 3853 3855 3856 
3853 3854 3856 3857 
3855 3856 3858 3859 
3856 3857 3859 3860 
3858 3859 3861 3862 
3859 3860 3862 3863 
3861 3862 3864 3865 
3862 3863 3865 3866 
3864 3865 3867 3868 
3865 3866 3868 3869 
3867 3868 3870 3871 
3868 3869 3871 3872 
3870 3871 3873 3874 
3871 3872 3874 3875 
3873 3874 3876 3877 
3874 3875 3877 3878 
3876 3877 3879 3880 
3877 3878 3880 3881 
3879 3880 3882 3883 
3880 3881 3883 3884 
3882 3883 3885 3886 
3883 3884 3886 3887 
3885 3886 3888 3889 
3886 3887 3889 3890 
3888 3889 3891 3892 
3889 3890 3892 3893 
3891 3892 3894 3895 
3892 3893 3895 3896 
3894 3895 3897 3898 
3895 3896 3898 3899 
3897 3898 3900 3901 
3898 3899 3901 3902 
3900 3901 3903 3904 
3901 3902 3904 3905 
3903 3904 3906 3907 
3904 3905 3907 3908 
3906 3907 3909 3910 
3907 3908 3910 3911 
3909 3910 3912 3913 
3910 3911 3913 3914 
3912 3913 3915 3916 
3913 3914 3916 3917 
3915 3916 3918 3919 
3916 3917 3919 3920 
3918 3919 3921 3922 
3919 3920 3922 3923 
3921 3922 3924 3925 
3922 3923 3925 3926 
3924 3925 3927 3928 
3925 3926 3928 3929 
3927 3928 3930 3931 
3928 3929 3931 3932 
3930 3931 3933 3934 
3931 3932 3934 3935 
3933 3934 3936 3937 
3934 3935 3937 3938 
3936 3937 3939 3940 
3937 3938 3940 3941 
3939 3940 3942 3943 
3940 3941 3943 3944 
3942 3943 3945 3946 
3943 3944 3946 3947 
3945 3946 3948 3949 
3946 3947 3949 3950 
3948 3949 3951 3952 
3949 3950 3952 3953 
3951 3952 3954 3955 
3952 3953 3955 3956 
3954 3955 3957 3958 
3955 3956 3958 3959 
3957 3958 3960 3961 
3958 3959 3961 3962 
3960 3961 3963 3964 
3961 3962 3964 3965 
3963 3964 3966 3967 
3964 3965 3967 3968 
3966 3967 3969 3970 
3967 3968 3970 3971 
3969 3970 3972 3973 
3970 3971 3973 3974 
3972 3973 3975 3976 
3973 3974 3976 3977 
3975 3976 3978 3979 
3976 3977 3979 3980 
3978 3979 3981 3982 
3979 3980 3982 3983 
3981 3982 3984 3985 
3982 3983 3985 3986 
3984 3985 3987 3988 
3985 3986 3988 3989 
3987 3988 3990 3991 
3988 3989 3991 3992 
3990 3991 3993 3994 
3991 3992 3994 3995 
3993 3994 3996 3997 
3994 3995 3997 3998 
3996 3997 3999 4000 
3997 3998 4000 4001 
3999 4000 4002 4003 
4000 4001 4003 4004 
4002 4003 4005 4006 
4003 4004 4006 4007 
4005 4006 4008 4009 
4006 4007 4009 4010 
4008 4009 4011 4012 
4009 4010 4012 4013 
4011 4012 4014 4015 
4012 4013 4015 4016 
4014 4015 4017 4018 
4015 4016 4018 4019 
4017 4018 4020 4021 
4018 4019 4021 4022 
4020 4021 4023 4024 
4021 4022 4024 4025 
4023 4024 4026 4027 
4024 4025 4027 4028 
4026 4027 4029 4030 
4027 4028 4030 4031 
4029 4030 4032 4033 
4030 4031 4033 4034 
4032 4033 4035 4036 
4033 4034 4036 4037 
4035 4036 4038 4039 
4036 4037 4039 4040 
4038 4039 4041 4042 
4039 4040 4042 4043 
4041 4042 4044 4045 
4042 4043 4045 4046 
4044 4045 4047 4048 
4045 4046 4048 4049 
4047 4048 4050 4051 
4048 4049 4051 4052 
4050 4051 4053 4054 
4051 4052 4054 4055 
4053 4054 4056 4057 
4054 4055 4057 4058 
4056 4057 4059 4060 
4057 4058 4060 4061 
4059 4060 4062 4063 
4060 4061 4063 4064 
4062 4063 4065 4066 
4063 4064 4066 4067 
4065 4066 4068 4069 
4066 4067 4069 4070 
4068 4069 4071 4072 
4069 4070 4072 4073 
4071 4072 4074 4075 
4072 4073 4075 4076 
4074 4075 4077 4078 
4075 4076 4078 4079 
4077 4078 4080 4081 
4078 4079 4081 4082 
4080 4081 4083 4084 
4081 4082 4084 4085 
4083 4084 4086 4087 
4084 4085 4087 4088 
4086 4087 4089 4090 
4087 4088 4090 4091 
4089 4090 4092 4093 
4090 4091 4093 4094 
4092 4093 4095 4096 
4093 4094 4096 4097 
4095 4096 4098 4099 
4096 4097 4099 4100 
4098 4099 4101 4102 
4099 4100 4102 4103 
4101 4102 4104 4105 
4102 4103 4105 4106 
4104 4105 4107 4108 
4105 4106 4108 4109 
4107 4108 4110 4111 
4108 4109 4111 4112 
4110 4111 4113 4114 
4111 4112 4114 4115 
4113 4114 4116 4117 
4114 4115 4117 4118 
4116 4117 4119 4120 
4117 4118 4120 4121 
4119 4120 4122 4123 
4120 4121 4123 4124 
4122 4123 4125 4126 
4123 4124 4126 4127 
4125 4126 4128 4129 
4126 4127 4129 4130 
4128 4129 4131 4132 
4129 4130 4132 4133 
4131 4132 4134 4135 
4132 4133 4135 4136 
4134 4135 4137 4138 
4135 4136 4138 4139 
4137 4138 4140 4141 
4138 4139 4141 4142 
4140 4141 4143 4144 
4141 4142 4144 4145 
4143 4144 4146 4147 
4144 4145 4147 4148 
4146 4147 4149 4150 
4147 4148 4150 4151 
4149 4150 4152 4153 
4150 4151 4153 4154 
4152 4153 4155 4156 
4153 4154 4156 4157 
4155 4156 4158 4159 
4156 4157 4159 4160 
4158 4159 4161 4162 
4159 4160 4162 4163 
4161 4162 4164 4165 
4162 4163 4165 4166 
4164 4165 4167 4168 
4165 4166 4168 4169 
4167 4168 4170 4171 
4168 4169 4171 4172 
4170 4171 4173 4174 
4171 4172 4174 4175 
4173 4174 4176 4177 
4174 4175 4177 4178 
4176 4177 4179 4180 
4177 4178 4180 4181 
4179 4180 4182 4183 
4180 4181 4183 4184 
4182 4183 4185 4186 
4183 4184 4186 4187 
4185 4186 4188 4189 
4186 4187 4189 4190 
4188 4189 4191 4192 
4189 4190 4192 4193 
4191 4192 4194 4195 
4192 4193 4195 4196 
4194 4195 4197 4198 
4195 4196 4198 4199 
4197 4198 4200 4201 
4198 4199 4201 4202 
4200 4201 4203 4204 
4201 4202 4204 4205 
4203 4204 4206 4207 
4204 4205 4207 4208 
4206 4207 4209 4210 
4207 4208 4210 4211 
4209 4210 4212 4213 
4210 4211 4213 4214 
4212 4213 4215 4216 
4213 4214 4216 4217 
4215 4216 4218 4219 
4216 4217 4219 4220 
4218 4219 4221 4222 
4219 4220 4222 4223 
4221 4222 4224 4225 
4222 4223 4225 4226 
4224 4225 4227 4228 
4225 4226 4228 4229 
4227 4228 4230 4231 
4228 4229 4231 4232 
4230 4231 4233 4234 
4231 4232 4234 4235 
4233 4234 4236 4237 
4234 4235 4237 4238 
4236 4237 4239 4240 
4237 4238 4240 4241 
4239 4240 4242 4243 
4240 4241 4243 4244 
4242 4243 4245 4246 
4243 4244 4246 4247 
4245 4246 4248 4249 
4246 4247 4249 4250 
4248 4249 4251 4252 
4249 4250 4252 4253 
4251 4252 4254 4255 
4252 4253 4255 4256 
4254 4255 4257 4258 
4255 4256 4258 4259 
4257 4258 4260 4261 
4258 4259 4261 4262 
4260 4261 4263 4264 
4261 4262 4264 4265 
4263 4264 4266 4267 
4264 4265 4267 4268 
4266 4267 4269 4270 
4267 4268 4270 4271 
4269 4270 4272 4273 
4270 4271 4273 4274 
4272 4273 4275 4276 
4273 4274 4276 4277 
4275 4276 4278 4279 
4276 4277 4279 4280 
4278 4279 4281 4282 
4279 4280 4282 4283 
4281 4282 4284 4285 
4282 4283 4285 4286 
4284 4285 4287 4288 
4285 4286 4288 4289 
4287 4288 4290 4291 
4288 4289 4291 4292 
4290 4291 4293 4294 
4291 4292 4294 4295 
4293 4294 4296 4297 
4294 4295 4297 4298 
4296 4297 4299 4300 
4297 4298 4300 4301 
4299 4300 4302 4303 
4300 4301 4303 4304 
4302 4303 4305 4306 
4303 4304 4306 4307 
4305 4306 4308 4309 
4306 4307 4309 4310 
4308 4309 4311 4312 
4309 4310 4312 4313 
4311 4312 4314 4315 
4312 4313 4315 4316 
4314 4315 4317 4318 
4315 4316 4318 4319 
4317 4318 4320 4321 
4318 4319 4321 4322 
4320 4321 4323 4324 
4321 4322 4324 4325 
4323 4324 4326 4327 
4324 4325 4327 4328 
4326 4327 4329 4330 
4327 4328 4330 4331 
4329 4330 4332 4333 
4330 4331 4333 4334 
4332 4333 4335 4336 
4333 4334 4336 4337 
4335 4336 4338 4339 
4336 4337 4339 4340 
4338 4339 4341 4342 
4339 4340 4342 4343 
4341 4342 4344 4345 
4342 4343 4345 4346 
4344 4345 4347 4348 
4345 4346 4348 4349 
4347 4348 4350 4351 
4348 4349 4351 4352 
4350 4351 4353 4354 
4351 4352 4354 4355 
4353 4354 4356 4357 
4354 4355 4357 4358 
4356 4357 4359 4360 
4357 4358 4360 4361 
4359 4360 4362 4363 
4360 4361 4363 4364 
4362 4363 4365 4366 
4363 4364 4366 4367 
4365 4366 4368 4369 
4366 4367 4369 4370 
4368 4369 4371 4372 
4369 4370 4372 4373 
4371 4372 4374 4375 
4372 4373 4375 4376 
4374 4375 4377 4378 
4375 4376 4378 4379 
4377 4378 4380 4381 
4378 4379 4381 4382 
4380 4381 4383 4384 
4381 4382 4384 4385 
4383 4384 4386 4387 
4384 4385 4387 4388 
4386 4387 4389 4390 
4387 4388 4390 4391 
4389 4390 4392 4393 
4390 4391 4393 4394 
4392 4393 4395 4396 
4393 4394 4396 4397 
4395 4396 4398 4399 
4396 4397 4399 4400 
4398 4399 4401 4402 
4399 4400 4402 4403 
4401 4402 4404 4405 
4402 4403 4405 4406 
4404 4405 4407 4408 
4405 4406 4408 4409 
4407 4408 4410 4411 
4408 4409 4411 4412 
4410 4411 4413 4414 
4411 4412 4414 4415 
4413 4414 4416 4417 
4414 4415 4417 4418 
4416 4417 4419 4420 
4417 4418 4420 4421 
4419 4420 4422 4423 
4420 4421 4423 4424 
4422 4423 4425 4426 
4423 4424 4426 4427 
4425 4426 4428 4429 
4426 4427 4429 4430 
4428 4429 4431 4432 
4429 4430 4432 4433 
4431 4432 4434 4435 
4432 4433 4435 4436 
4434 4435 4437 4438 
4435 4436 4438 4439 
4437 4438 4440 4441 
4438 4439 4441 4442 
4440 4441 4443 4444 
4441 4442 4444 4445 
4443 4444 4446 4447 
4444 4445 4447 4448 
4446 4447 4449 4450 
4447 4448 4450 4451 
4449 4450 4452 4453 
4450 4451 4453 4454 
4452 4453 4455 4456 
4453 4454 4456 4457 
4455 4456 4458 4459 
4456 4457 4459 4460 
4458 4459 4461 4462 
4459 4460 4462 4463 
4461 4462 4464 4465 
4462 4463 4465 4466 
4464 4465 4467 4468 
4465 4466 4468 4469 
4467 4468 4470 4471 
4468 4469 4471 4472 
4470 4471 4473 4474 
4471 4472 4474 4475 
4473 4474 4476 4477 
4474 4475 4477 4478 
4476 4477 4479 4480 
4477 4478 4480 4481 
4479 4480 4482 4483 
4480 4481 4483 4484 
4482 4483 4485 4486 
4483 4484 4486 4487 
4485 4486 4488 4489 
4486 4487 4489 4490 
4488 4489 4491 4492 
4489 4490 4492 4493 
4491 4492 4494 4495 
4492 4493 4495 4496 
4494 4495 4497 4498 
4495 4496 4498 4499 
4497 4498 4500 4501 
4498 4499 4501 4502 
4500 4501 4503 4504 
4501 4502 4504 4505 
4503 4504 4506 4507 
4504 4505 4507 4508 
4506 4507 4509 4510 
4507 4508 4510 4511 
4509 4510 4512 4513 
4510 4511 4513 4514 
4512 4513 4515 4516 
4513 4514 4516 4517 
4515 4516 4518 4519 
4516 4517 4519 4520 
4518 4519 4521 4522 
4519 4520 4522 4523 
4521 4522 4524 4525 
4522 4523 4525 4526 
4524 4525 4527 4528 
4525 4526 4528 4529 
4527 4528 4530 4531 
4528 4529 4531 4532 
4530 4531 4533 4534 
4531 4532 4534 4535 
4533 4534 4536 4537 
4534 4535 4537 4538 
4536 4537 4539 4540 
4537 4538 4540 4541 
4539 4540 4542 4543 
4540 4541 4543 4544 
4542 4543 4545 4546 
4543 4544 4546 4547 
4545 4546 4548 4549 
4546 4547 4549 4550 
4548 4549 4551 4552 
4549 4550 4552 4553 
4551 4552 4554 4555 
4552 4553 4555 4556 
4554 4555 4557 4558 
4555 4556 4558 4559 
4557 4558 4560 4561 
4558 4559 4561 4562 
4560 4561 4563 4564 
4561 4562 4564 4565 
4563 4564 4566 4567 
4564 4565 4567 4568 
4566 4567 4569 4570 
4567 4568 4570 4571 
4569 4570 4572 4573 
4570 4571 4573 4574 
4572 4573 4575 4576 
4573 4574 4576 4577 
4575 4576 4578 4579 
4576 4577 4579 4580 
4578 4579 4581 4582 
4579 4580 4582 4583 
4581 4582 4584 4585 
4582 4583 4585 4586 
4584 4585 4587 4588 
4585 4586 4588 4589 
4587 4588 4590 4591 
4588 4589 4591 4592 
4590 4591 4593 4594 
4591 4592 4594 4595 
4593 4594 4596 4597 
4594 4595 4597 4598 
4596 4597 4599 4600 
4597 4598 4600 4601 
4599 4600 4602 4603 
4600 4601 4603 4604 
4602 4603 4605 4606 
4603 4604 4606 4607 
4605 4606 4608 4609 
4606 4607 4609 4610 
4608 4609 4611 4612 
4609 4610 4612 4613 
4611 4612 4614 4615 
4612 4613 4615 4616 
4614 4615 4617 4618 
4615 4616 4618 4619 
4617 4618 4620 4621 
4618 4619 4621 4622 
4620 4621 4623 4624 
4621 4622 4624 4625 
4623 4624 4626 4627 
4624 4625 4627 4628 
4626 4627 4629 4630 
4627 4628 4630 4631 
4629 4630 4632 4633 
4630 4631 4633 4634 
4632 4633 4635 4636 
4633 4634 4636 4637 
4635 4636 4638 4639 
4636 4637 4639 4640 
4638 4639 4641 4642 
4639 4640 4642 4643 
4641 4642 4644 4645 
4642 4643 4645 4646 
4644 4645 4647 4648 
4645 4646 4648 4649 
4647 4648 4650 4651 
4648 4649 4651 4652 
4650 4651 4653 4654 
4651 4652 4654 4655 
4653 4654 4656 4657 
4654 4655 4657 4658 
4656 4657 4659 4660 
4657 4658 4660 4661 
4659 4660 4662 4663 
4660 4661 4663 4664 
4662 4663 4665 4666 
4663 4664 4666 4667 
4665 4666 4668 4669 
4666 4667 4669 4670 
4668 4669 4671 4672 
4669 4670 4672 4673 
4671 4672 4674 4675 
4672 4673 4675 4676 
4674 4675 4677 4678 
4675 4676 4678 4679 
4677 4678 4680 4681 
4678 4679 4681 4682 
4680 4681 4683 4684 
4681 4682 4684 4685 
4683 4684 4686 4687 
4684 4685 4687 4688 
4686 4687 4689 4690 
4687 4688 4690 4691 
4689 4690 4692 4693 
4690 4691 4693 4694 
4692 4693 4695 4696 
4693 4694 4696 4697 
4695 4696 4698 4699 
4696 4697 4699 4700 
4698 4699 4701 4702 
4699 4700 4702 4703 
4701 4702 4704 4705 
4702 4703 4705 4706 
4704 4705 4707 4708 
4705 4706 4708 4709 
4707 4708 4710 4711 
4708 4709 4711 4712 
4710 4711 4713 4714 
4711 4712 4714 4715 
4713 4714 4716 4717 
4714 4715 4717 4718 
4716 4717 4719 4720 
4717 4718 4720 4721 
4719 4720 4722 4723 
4720 4721 4723 4724 
4722 4723 4725 4726 
4723 4724 4726 4727 
4725 4726 4728 4729 
4726 4727 4729 4730 
4728 4729 4731 4732 
4729 4730 4732 4733 
4731 4732 4734 4735 
4732 4733 4735 4736 
4734 4735 4737 4738 
4735 4736 4738 4739 
4737 4738 4740 4741 
4738 4739 4741 4742 
4740 4741 4743 4744 
4741 4742 4744 4745 
4743 4744 4746 4747 
4744 4745 4747 4748 
4746 4747 4749 4750 
4747 4748 4750 4751 
4749 4750 4752 4753 
4750 4751 4753 4754 
4752 4753 4755 4756 
4753 4754 4756 4757 
4755 4756 4758 4759 
4756 4757 4759 4760 
4758 4759 4761 4762 
4759 4760 4762 4763 
4761 4762 4764 4765 
4762 4763 4765 4766 
4764 4765 4767 4768 
4765 4766 4768 4769 
4767 4768 4770 4771 
4768 4769 4771 4772 
4770 4771 4773 4774 
4771 4772 4774 4775 
4773 4774 4776 4777 
4774 4775 4777 4778 
4776 4777 4779 4780 
4777 4778 4780 4781 
4779 4780 4782 4783 
4780 4781 4783 4784 
4782 4783 4785 4786 
4783 4784 4786 4787 
4785 4786 4788 4789 
4786 4787 4789 4790 
4788 4789 4791 4792 
4789 4790 4792 4793 
4791 4792 4794 4795 
4792 4793 4795 4796 
4794 4795 4797 4798 
4795 4796 4798 4799 
4797 4798 4800 4801 
4798 4799 4801 4802 
4800 4801 4803 4804 
4801 4802 4804 4805 
4803 4804 4806 4807 
4804 4805 4807 4808 
4806 4807 4809 4810 
4807 4808 4810 4811 
4809 4810 4812 4813 
4810 4811 4813 4814 
4812 4813 4815 4816 
4813 4814 4816 4817 
4815 4816 4818 4819 
4816 4817 4819 4820 
4818 4819 4821 4822 
4819 4820 4822 4823 
4821 4822 4824 4825 
4822 4823 4825 4826 
4824 4825 4827 4828 
4825 4826 4828 4829 
4827 4828 4830 4831 
4828 4829 4831 4832 
4830 4831 4833 4834 
4831 4832 4834 4835 
4833 4834 4836 4837 
4834 4835 4837 4838 
4836 4837 4839 4840 
4837 4838 4840 4841 
4839 4840 4842 4843 
4840 4841 4843 4844 
4842 4843 4845 4846 
4843 4844 4846 4847 
4845 4846 4848 4849 
4846 4847 4849 4850 
4848 4849 4851 4852 
4849 4850 4852 4853 
4851 4852 4854 4855 
4852 4853 4855 4856 
4854 4855 4857 4858 
4855 4856 4858 4859 
4857 4858 4860 4861 
4858 4859 4861 4862 
4860 4861 4863 4864 
4861 4862 4864 4865 
4863 4864 4866 4867 
4864 4865 4867 4868 
4866 4867 4869 4870 
4867 4868 4870 4871 
4869 4870 4872 4873 
4870 4871 4873 4874 
4872 4873 4875 4876 
4873 4874 4876 4877 
4875 4876 4878 4879 
4876 4877 4879 4880 
4878 4879 4881 4882 
4879 4880 4882 4883 
4881 4882 4884 4885 
4882 4883 4885 4886 
4884 4885 4887 4888 
4885 4886 4888 4889 
4887 4888 4890 4891 
4888 4889 4891 4892 
4890 4891 4893 4894 
4891 4892 4894 4895 
4893 4894 4896 4897 
4894 4895 4897 4898 
4896 4897 4899 4900 
4897 4898 4900 4901 
4899 4900 4902 4903 
4900 4901 4903 4904 
4902 4903 4905 4906 
4903 4904 4906 4907 
4905 4906 4908 4909 
4906 4907 4909 4910 
4908 4909 4911 4912 
4909 4910 4912 4913 
4911 4912 4914 4915 
4912 4913 4915 4916 
4914 4915 4917 4918 
4915 4916 4918 4919 
4917 4918 4920 4921 
4918 4919 4921 4922 
4920 4921 4923 4924 
4921 4922 4924 4925 
4923 4924 4926 4927 
4924 4925 4927 4928 
4926 4927 4929 4930 
4927 4928 4930 4931 
4929 4930 4932 4933 
4930 4931 4933 4934 
4932 4933 4935 4936 
4933 4934 4936 4937 
4935 4936 4938 4939 
4936 4937 4939 4940 
4938 4939 4941 4942 
4939 4940 4942 4943 
4941 4942 4944 4945 
4942 4943 4945 4946 
4944 4945 4947 4948 
4945 4946 4948 4949 
4947 4948 4950 4951 
4948 4949 4951 4952 
4950 4951 4953 4954 
4951 4952 4954 4955 
4953 4954 4956 4957 
4954 4955 4957 4958 
4956 4957 4959 4960 
4957 4958 4960 4961 
4959 4960 4962 4963 
4960 4961 4963 4964 
4962 4963 4965 4966 
4963 4964 4966 4967 
4965 4966 4968 4969 
4966 4967 4969 4970 
4968 4969 4971 4972 
4969 4970 4972 4973 
4971 4972 4974 4975 
4972 4973 4975 4976 
4974 4975 4977 4978 
4975 4976 4978 4979 
4977 4978 4980 4981 
4978 4979 4981 4982 
4980 4981 4983 4984 
4981 4982 4984 4985 
4983 4984 4986 4987 
4984 4985 4987 4988 
4986 4987 4989 4990 
4987 4988 4990 4991 
4989 4990 4992 4993 
4990 4991 4993 4994 
4992 4993 4995 4996 
4993 4994 4996 4997 
4995 4996 4998 4999 
4996 4997 4999 5000 
4998 4999 5001 5002 
4999 5000 5002 5003 
5001 5002 5004 5005 
5002 5003 5005 5006 
5004 5005 5007 5008 
5005 5006 5008 5009 
5007 5008 5010 5011 
5008 5009 5011 5012 
5010 5011 5013 5014 
5011 5012 5014 5015 
5013 5014 5016 5017 
5014 5015 5017 5018 
5016 5017 5019 5020 
5017 5018 5020 5021 
5019 5020 5022 5023 
5020 5021 5023 5024 
5022 5023 5025 5026 
5023 5024 5026 5027 
5025 5026 5028 5029 
5026 5027 5029 5030 
5028 5029 5031 5032 
5029 5030 5032 5033 
5031 5032 5034 5035 
5032 5033 5035 5036 
5034 5035 5037 5038 
5035 5036 5038 5039 
5037 5038 5040 5041 
5038 5039 5041 5042 
5040 5041 5043 5044 
5041 5042 5044 5045 
5043 5044 5046 5047 
5044 5045 5047 5048 
5046 5047 5049 5050 
5047 5048 5050 5051 
5049 5050 5052 5053 
5050 5051 5053 5054 
5052 5053 5055 5056 
5053 5054 5056 5057 
5055 5056 5058 5059 
5056 5057 5059 5060 
5058 5059 5061 5062 
5059 5060 5062 5063 
5061 5062 5064 5065 
5062 5063 5065 5066 
5064 5065 5067 5068 
5065 5066 5068 5069 
5067 5068 5070 5071 
5068 5069 5071 5072 
5070 5071 5073 5074 
5071 5072 5074 5075 
5073 5074 5076 5077 
5074 5075 5077 5078 
5076 5077 5079 5080 
5077 5078 5080 5081 
5079 5080 5082 5083 
5080 5081 5083 5084 
5082 5083 5085 5086 
5083 5084 5086 5087 
5085 5086 5088 5089 
5086 5087 5089 5090 
5088 5089 5091 5092 
5089 5090 5092 5093 
5091 5092 5094 5095 
5092 5093 5095 5096 
5094 5095 5097 5098 
5095 5096 5098 5099 
5097 5098 5100 5101 
5098 5099 5101 5102 
5100 5101 5103 5104 
5101 5102 5104 5105 
5103 5104 5106 5107 
5104 5105 5107 5108 
5106 5107 5109 5110 
5107 5108 5110 5111 
5109 5110 5112 5113 
5110 5111 5113 5114 
5112 5113 5115 5116 
5113 5114 5116 5117 
5115 5116 5118 5119 
5116 5117 5119 5120 
5118 5119 5121 5122 
5119 5120 5122 5123 
5121 5122 5124 5125 
5122 5123 5125 5126 
5124 5125 5127 5128 
5125 5126 5128 5129 
5127 5128 5130 5131 
5128 5129 5131 5132 
5130 5131 5133 5134 
5131 5132 5134 5135 
5133 5134 5136 5137 
5134 5135 5137 5138 
5136 5137 5139 5140 
5137 5138 5140 5141 
5139 5140 5142 5143 
5140 5141 5143 5144 
5142 5143 5145 5146 
5143 5144 5146 5147 
5145 5146 5148 5149 
5146 5147 5149 5150 
5148 5149 5151 5152 
5149 5150 5152 5153 
5151 5152 5154 5155 
5152 5153 5155 5156 
5154 5155 5157 5158 
5155 5156 5158 5159 
5157 5158 5160 5161 
5158 5159 5161 5162 
5160 5161 5163 5164 
5161 5162 5164 5165 
5163 5164 5166 5167 
5164 5165 5167 5168 
5166 5167 5169 5170 
5167 5168 5170 5171 
5169 5170 5172 5173 
5170 5171 5173 5174 
5172 5173 5175 5176 
5173 5174 5176 5177 
5175 5176 5178 5179 
5176 5177 5179 5180 
5178 5179 5181 5182 
5179 5180 5182 5183 
5181 5182 5184 5185 
5182 5183 5185 5186 
5184 5185 5187 5188 
5185 5186 5188 5189 
5187 5188 5190 5191 
5188 5189 5191 5192 
5190 5191 5193 5194 
5191 5192 5194 5195 
5193 5194 5196 5197 
5194 5195 5197 5198 
5196 5197 5199 5200 
5197 5198 5200 5201 
5199 5200 5202 5203 
5200 5201 5203 5204 
5202 5203 5205 5206 
5203 5204 5206 5207 
5205 5206 5208 5209 
5206 5207 5209 5210 
5208 5209 5211 5212 
5209 5210 5212 5213 
5211 5212 5214 5215 
5212 5213 5215 5216 
5214 5215 5217 5218 
5215 5216 5218 5219 
5217 5218 5220 5221 
5218 5219 5221 5222 
5220 5221 5223 5224 
5221 5222 5224 5225 
5223 5224 5226 5227 
5224 5225 5227 5228 
5226 5227 5229 5230 
5227 5228 5230 5231 
5229 5230 5232 5233 
5230 5231 5233 5234 
5232 5233 5235 5236 
5233 5234 5236 5237 
5235 5236 5238 5239 
5236 5237 5239 5240 
5238 5239 5241 5242 
5239 5240 5242 5243 
5241 5242 5244 5245 
5242 5243 5245 5246 
5244 5245 5247 5248 
5245 5246 5248 5249 
5247 5248 5250 5251 
5248 5249 5251 5252 
5250 5251 5253 5254 
5251 5252 5254 5255 
5253 5254 5256 5257 
5254 5255 5257 5258 
5256 5257 5259 5260 
5257 5258 5260 5261 
5259 5260 5262 5263 
5260 5261 5263 5264 
5262 5263 5265 5266 
5263 5264 5266 5267 
5265 5266 5268 5269 
5266 5267 5269 5270 
5268 5269 5271 5272 
5269 5270 5272 5273 
5271 5272 5274 5275 
5272 5273 5275 5276 
5274 5275 5277 5278 
5275 5276 5278 5279 
5277 5278 5280 5281 
5278 5279 5281 5282 
5280 5281 5283 5284 
5281 5282 5284 5285 
5283 5284 5286 5287 
5284 5285 5287 5288 
5286 5287 5289 5290 
5287 5288 5290 5291 
5289 5290 5292 5293 
5290 5291 5293 5294 
5292 5293 5295 5296 
5293 5294 5296 5297 
5295 5296 5298 5299 
5296 5297 5299 5300 
5298 5299 5301 5302 
5299 5300 5302 5303 
5301 5302 5304 5305 
5302 5303 5305 5306 
5304 5305 5307 5308 
5305 5306 5308 5309 
5307 5308 5310 5311 
5308 5309 5311 5312 
5310 5311 5313 5314 
5311 5312 5314 5315 
5313 5314 5316 5317 
5314 5315 5317 5318 
5316 5317 5319 5320 
5317 5318 5320 5321 
5319 5320 5322 5323 
5320 5321 5323 5324 
5322 5323 5325 5326 
5323 5324 5326 5327 
5325 5326 5328 5329 
5326 5327 5329 5330 
5328 5329 5331 5332 
5329 5330 5332 5333 
5331 5332 5334 5335 
5332 5333 5335 5336 
5334 5335 5337 5338 
5335 5336 5338 5339 
5337 5338 5340 5341 
5338 5339 5341 5342 
5340 5341 5343 5344 
5341 5342 5344 5345 
5343 5344 5346 5347 
5344 5345 5347 5348 
5346 5347 5349 5350 
5347 5348 5350 5351 
5349 5350 5352 5353 
5350 5351 5353 5354 
5352 5353 5355 5356 
5353 5354 5356 5357 
5355 5356 5358 5359 
5356 5357 5359 5360 
5358 5359 5361 5362 
5359 5360 5362 5363 
5361 5362 5364 5365 
5362 5363 5365 5366 
5364 5365 5367 5368 
5365 5366 5368 5369 
5367 5368 5370 5371 
5368 5369 5371 5372 
5370 5371 5373 5374 
5371 5372 5374 5375 
5373 5374 5376 5377 
5374 5375 5377 5378 
5376 5377 5379 5380 
5377 5378 5380 5381 
5379 5380 5382 5383 
5380 5381 5383 5384 
5382 5383 5385 5386 
5383 5384 5386 5387 
5385 5386 5388 5389 
5386 5387 5389 5390 
5388 5389 5391 5392 
5389 5390 5392 5393 
5391 5392 5394 5395 
5392 5393 5395 5396 
5394 5395 5397 5398 
5395 5396 5398 5399 
5397 5398 5400 5401 
5398 5399 5401 5402 
5400 5401 5403 5404 
5401 5402 5404 5405 
5403 5404 5406 5407 
5404 5405 5407 5408 
5406 5407 5409 5410 
5407 5408 5410 5411 
5409 5410 5412 5413 
5410 5411 5413 5414 
5412 5413 5415 5416 
5413 5414 5416 5417 
5415 5416 5418 5419 
5416 5417 5419 5420 
5418 5419 5421 5422 
5419 5420 5422 5423 
5421 5422 5424 5425 
5422 5423 5425 5426 
5424 5425 5427 5428 
5425 5426 5428 5429 
5427 5428 5430 5431 
5428 5429 5431 5432 
5430 5431 5433 5434 
5431 5432 5434 5435 
5433 5434 5436 5437 
5434 5435 5437 5438 
5436 5437 5439 5440 
5437 5438 5440 5441 
5439 5440 5442 5443 
5440 5441 5443 5444 
5442 5443 5445 5446 
5443 5444 5446 5447 
5445 5446 5448 5449 
5446 5447 5449 5450 
5448 5449 5451 5452 
5449 5450 5452 5453 
5451 5452 5454 5455 
5452 5453 5455 5456 
5454 5455 5457 5458 
5455 5456 5458 5459 
5457 5458 5460 5461 
5458 5459 5461 5462 
5460 5461 5463 5464 
5461 5462 5464 5465 
5463 5464 5466 5467 
5464 5465 5467 5468 
5466 5467 5469 5470 
5467 5468 5470 5471 
5469 5470 5472 5473 
5470 5471 5473 5474 
5472 5473 5475 5476 
5473 5474 5476 5477 
5475 5476 5478 5479 
5476 5477 5479 5480 
5478 5479 5481 5482 
5479 5480 5482 5483 
5481 5482 5484 5485 
5482 5483 5485 5486 
5484 5485 5487 5488 
5485 5486 5488 5489 
5487 5488 5490 5491 
5488 5489 5491 5492 
5490 5491 5493 5494 
5491 5492 5494 5495 
5493 5494 5496 5497 
5494 5495 5497 5498 
5496 5497 5499 5500 
5497 5498 5500 5501 
5499 5500 5502 5503 
5500 5501 5503 5504 
5502 5503 5505 5506 
5503 5504 5506 5507 
5505 5506 5508 5509 
5506 5507 5509 5510 
5508 5509 5511 5512 
5509 5510 5512 5513 
5511 5512 5514 5515 
5512 5513 5515 5516 
5514 5515 5517 5518 
5515 5516 5518 5519 
5517 5518 5520 5521 
5518 5519 5521 5522 
5520 5521 5523 5524 
5521 5522 5524 5525 
5523 5524 5526 5527 
5524 5525 5527 5528 
5526 5527 5529 5530 
5527 5528 5530 5531 
5529 5530 5532 5533 
5530 5531 5533 5534 
5532 5533 5535 5536 
5533 5534 5536 5537 
5535 5536 5538 5539 
5536 5537 5539 5540 
5538 5539 5541 5542 
5539 5540 5542 5543 
5541 5542 5544 5545 
5542 5543 5545 5546 
5544 5545 5547 5548 
5545 5546 5548 5549 
5547 5548 5550 5551 
5548 5549 5551 5552 
5550 5551 5553 5554 
5551 5552 5554 5555 
5553 5554 5556 5557 
5554 5555 5557 5558 
5556 5557 5559 5560 
5557 5558 5560 5561 
5559 5560 5562 5563 
5560 5561 5563 5564 
5562 5563 5565 5566 
5563 5564 5566 5567 
5565 5566 5568 5569 
5566 5567 5569 5570 
5568 5569 5571 5572 
5569 5570 5572 5573 
5571 5572 5574 5575 
5572 5573 5575 5576 
5574 5575 5577 5578 
5575 5576 5578 5579 
5577 5578 5580 5581 
5578 5579 5581 5582 
5580 5581 5583 5584 
5581 5582 5584 5585 
5583 5584 5586 5587 
5584 5585 5587 5588 
5586 5587 5589 5590 
5587 5588 5590 5591 
5589 5590 5592 5593 
5590 5591 5593 5594 
5592 5593 5595 5596 
5593 5594 5596 5597 
5595 5596 5598 5599 
5596 5597 5599 5600 
5598 5599 5601 5602 
5599 5600 5602 5603 
5601 5602 5604 5605 
5602 5603 5605 5606 
5604 5605 5607 5608 
5605 5606 5608 5609 
5607 5608 5610 5611 
5608 5609 5611 5612 
5610 5611 5613 5614 
5611 5612 5614 5615 
5613 5614 5616 5617 
5614 5615 5617 5618 
5616 5617 5619 5620 
5617 5618 5620 5621 
5619 5620 5622 5623 
5620 5621 5623 5624 
5622 5623 5625 5626 
5623 5624 5626 5627 
5625 5626 5628 5629 
5626 5627 5629 5630 
5628 5629 5631 5632 
5629 5630 5632 5633 
5631 5632 5634 5635 
5632 5633 5635 5636 
5634 5635 5637 5638 
5635 5636 5638 5639 
5637 5638 5640 5641 
5638 5639 5641 5642 
5640 5641 5643 5644 
5641 5642 5644 5645 
5643 5644 5646 5647 
5644 5645 5647 5648 
5646 5647 5649 5650 
5647 5648 5650 5651 
5649 5650 5652 5653 
5650 5651 5653 5654 
5652 5653 5655 5656 
5653 5654 5656 5657 
5655 5656 5658 5659 
5656 5657 5659 5660 
5658 5659 5661 5662 
5659 5660 5662 5663 
5661 5662 5664 5665 
5662 5663 5665 5666 
5664 5665 5667 5668 
5665 5666 5668 5669 
5667 5668 5670 5671 
5668 5669 5671 5672 
5670 5671 5673 5674 
5671 5672 5674 5675 
5673 5674 5676 5677 
5674 5675 5677 5678 
5676 5677 5679 5680 
5677 5678 5680 5681 
5679 5680 5682 5683 
5680 5681 5683 5684 
5682 5683 5685 5686 
5683 5684 5686 5687 
5685 5686 5688 5689 
5686 5687 5689 5690 
5688 5689 5691 5692 
5689 5690 5692 5693 
5691 5692 5694 5695 
5692 5693 5695 5696 
5694 5695 5697 5698 
5695 5696 5698 5699 
5697 5698 5700 5701 
5698 5699 5701 5702 
5700 5701 5703 5704 
5701 5702 5704 5705 
5703 5704 5706 5707 
5704 5705 5707 5708 
5706 5707 5709 5710 
5707 5708 5710 5711 
5709 5710 5712 5713 
5710 5711 5713 5714 
5712 5713 5715 5716 
5713 5714 5716 5717 
5715 5716 5718 5719 
5716 5717 5719 5720 
5718 5719 5721 5722 
5719 5720 5722 5723 
5721 5722 5724 5725 
5722 5723 5725 5726 
5724 5725 5727 5728 
5725 5726 5728 5729 
5727 5728 5730 5731 
5728 5729 5731 5732 
5730 5731 5733 5734 
5731 5732 5734 5735 
5733 5734 5736 5737 
5734 5735 5737 5738 
5736 5737 5739 5740 
5737 5738 5740 5741 
5739 5740 5742 5743 
5740 5741 5743 5744 
5742 5743 5745 5746 
5743 5744 5746 5747 
5745 5746 5748 5749 
5746 5747 5749 5750 
5748 5749 5751 5752 
5749 5750 5752 5753 
5751 5752 5754 5755 
5752 5753 5755 5756 
5754 5755 5757 5758 
5755 5756 5758 5759 
5757 5758 5760 5761 
5758 5759 5761 5762 
5760 5761 5763 5764 
5761 5762 5764 5765 
5763 5764 5766 5767 
5764 5765 5767 5768 
5766 5767 5769 5770 
5767 5768 5770 5771 
5769 5770 5772 5773 
5770 5771 5773 5774 
5772 5773 5775 5776 
5773 5774 5776 5777 
5775 5776 5778 5779 
5776 5777 5779 5780 
5778 5779 5781 5782 
5779 5780 5782 5783 
5781 5782 5784 5785 
5782 5783 5785 5786 
5784 5785 5787 5788 
5785 5786 5788 5789 
5787 5788 5790 5791 
5788 5789 5791 5792 
5790 5791 5793 5794 
5791 5792 5794 5795 
5793 5794 5796 5797 
5794 5795 5797 5798 
5796 5797 5799 5800 
5797 5798 5800 5801 
5799 5800 5802 5803 
5800 5801 5803 5804 
5802 5803 5805 5806 
5803 5804 5806 5807 
5805 5806 5808 5809 
5806 5807 5809 5810 
5808 5809 5811 5812 
5809 5810 5812 5813 
5811 5812 5814 5815 
5812 5813 5815 5816 
5814 5815 5817 5818 
5815 5816 5818 5819 
5817 5818 5820 5821 
5818 5819 5821 5822 
5820 5821 5823 5824 
5821 5822 5824 5825 
5823 5824 5826 5827 
5824 5825 5827 5828 
5826 5827 5829 5830 
5827 5828 5830 5831 
5829 5830 5832 5833 
5830 5831 5833 5834 
5832 5833 5835 5836 
5833 5834 5836 5837 
5835 5836 5838 5839 
5836 5837 5839 5840 
5838 5839 5841 5842 
5839 5840 5842 5843 
5841 5842 5844 5845 
5842 5843 5845 5846 
5844 5845 5847 5848 
5845 5846 5848 5849 
5847 5848 5850 5851 
5848 5849 5851 5852 
5850 5851 5853 5854 
5851 5852 5854 5855 
5853 5854 5856 5857 
5854 5855 5857 5858 
5856 5857 5859 5860 
5857 5858 5860 5861 
5859 5860 5862 5863 
5860 5861 5863 5864 
5862 5863 5865 5866 
5863 5864 5866 5867 
5865 5866 5868 5869 
5866 5867 5869 5870 
5868 5869 5871 5872 
5869 5870 5872 5873 
5871 5872 5874 5875 
5872 5873 5875 5876 
5874 5875 5877 5878 
5875 5876 5878 5879 
5877 5878 5880 5881 
5878 5879 5881 5882 
5880 5881 5883 5884 
5881 5882 5884 5885 
5883 5884 5886 5887 
5884 5885 5887 5888 
5886 5887 5889 5890 
5887 5888 5890 5891 
5889 5890 5892 5893 
5890 5891 5893 5894 
5892 5893 5895 5896 
5893 5894 5896 5897 
5895 5896 5898 5899 
5896 5897 5899 5900 
5898 5899 5901 5902 
5899 5900 5902 5903 
5901 5902 5904 5905 
5902 5903 5905 5906 
5904 5905 5907 5908 
5905 5906 5908 5909 
5907 5908 5910 5911 
5908 5909 5911 5912 
5910 5911 5913 5914 
5911 5912 5914 5915 
5913 5914 5916 5917 
5914 5915 5917 5918 
5916 5917 5919 5920 
5917 5918 5920 5921 
5919 5920 5922 5923 
5920 5921 5923 5924 
5922 5923 5925 5926 
5923 5924 5926 5927 
5925 5926 5928 5929 
5926 5927 5929 5930 
5928 5929 5931 5932 
5929 5930 5932 5933 
5931 5932 5934 5935 
5932 5933 5935 5936 
5934 5935 5937 5938 
5935 5936 5938 5939 
5937 5938 5940 5941 
5938 5939 5941 5942 
5940 5941 5943 5944 
5941 5942 5944 5945 
5943 5944 5946 5947 
5944 5945 5947 5948 
5946 5947 5949 5950 
5947 5948 5950 5951 
5949 5950 5952 5953 
5950 5951 5953 5954 
5952 5953 5955 5956 
5953 5954 5956 5957 
5955 5956 5958 5959 
5956 5957 5959 5960 
5958 5959 5961 5962 
5959 5960 5962 5963 
5961 5962 5964 5965 
5962 5963 5965 5966 
5964 5965 5967 5968 
5965 5966 5968 5969 
5967 5968 5970 5971 
5968 5969 5971 5972 
5970 5971 5973 5974 
5971 5972 5974 5975 
5973 5974 5976 5977 
5974 5975 5977 5978 
5976 5977 5979 5980 
5977 5978 5980 5981 
5979 5980 5982 5983 
5980 5981 5983 5984 
5982 5983 5985 5986 
5983 5984 5986 5987 
5985 5986 5988 5989 
5986 5987 5989 5990 
5988 5989 5991 5992 
5989 5990 5992 5993 
5991 5992 5994 5995 
5992 5993 5995 5996 
5994 5995 5997 5998 
5995 5996 5998 5999 
5997 5998 6000 6001 
5998 5999 6001 6002 
6000 6001 6003 6004 
6001 6002 6004 6005 
6003 6004 6006 6007 
6004 6005 6007 6008 
6006 6007 6009 6010 
6007 6008 6010 6011 
6009 6010 6012 6013 
6010 6011 6013 6014 
6012 6013 6015 6016 
6013 6014 6016 6017 
6015 6016 6018 6019 
6016 6017 6019 6020 
6018 6019 6021 6022 
6019 6020 6022 6023 
6021 6022 6024 6025 
6022 6023 6025 6026 
6024 6025 6027 6028 
6025 6026 6028 6029 
6027 6028 6030 6031 
6028 6029 6031 6032 
6030 6031 6033 6034 
6031 6032 6034 6035 
6033 6034 6036 6037 
6034 6035 6037 6038 
6036 6037 6039 6040 
6037 6038 6040 6041 
6039 6040 6042 6043 
6040 6041 6043 6044 
6042 6043 6045 6046 
6043 6044 6046 6047 
6045 6046 6048 6049 
6046 6047 6049 6050 
6048 6049 6051 6052 
6049 6050 6052 6053 
6051 6052 6054 6055 
6052 6053 6055 6056 
6054 6055 6057 6058 
6055 6056 6058 6059 
6057 6058 6060 6061 
6058 6059 6061 6062 
6060 6061 6063 6064 
6061 6062 6064 6065 
6063 6064 6066 6067 
6064 6065 6067 6068 
6066 6067 6069 6070 
6067 6068 6070 6071 
6069 6070 6072 6073 
6070 6071 6073 6074 
6072 6073 6075 6076 
6073 6074 6076 6077 
6075 6076 6078 6079 
6076 6077 6079 6080 
6078 6079 6081 6082 
6079 6080 6082 6083 
6081 6082 6084 6085 
6082 6083 6085 6086 
6084 6085 6087 6088 
6085 6086 6088 6089 
6087 6088 6090 6091 
6088 6089 6091 6092 
6090 6091 6093 6094 
6091 6092 6094 6095 
6093 6094 6096 6097 
6094 6095 6097 6098 
6096 6097 6099 6100 
6097 6098 6100 6101 
6099 6100 6102 6103 
6100 6101 6103 6104 
6102 6103 6105 6106 
6103 6104 6106 6107 
6105 6106 6108 6109 
6106 6107 6109 6110 
6108 6109 6111 6112 
6109 6110 6112 6113 
6111 6112 6114 6115 
6112 6113 6115 6116 
6114 6115 6117 6118 
6115 6116 6118 6119 
6117 6118 6120 6121 
6118 6119 6121 6122 
6120 6121 6123 6124 
6121 6122 6124 6125 
6123 6124 6126 6127 
6124 6125 6127 6128 
6126 6127 6129 6130 
6127 6128 6130 6131 
6129 6130 6132 6133 
6130 6131 6133 6134 
6132 6133 6135 6136 
6133 6134 6136 6137 
6135 6136 6138 6139 
6136 6137 6139 6140 
6138 6139 6141 6142 
6139 6140 6142 6143 
