2046 4
0 1 3 4 
1 2 4 5 
3 4 6 7 
4 5 7 8 
6 7 9 10 
7 8 10 11 
9 10 12 13 
10 11 13 14 
12 13 15 16 
13 14 16 17 
15 16 18 19 
16 17 19 20 
18 19 21 22 
19 20 22 23 
21 22 24 25 
22 23 25 26 
24 25 27 28 
25 26 28 29 
27 28 30 31 
28 29 31 32 
30 31 33 34 
31 32 34 35 
33 34 36 37 
34 35 37 38 
36 37 39 40 
37 38 40 41 
39 40 42 43 
40 41 43 44 
42 43 45 46 
43 44 46 47 
45 46 48 49 
46 47 49 50 
48 49 51 52 
49 50 52 53 
51 52 54 55 
52 53 55 56 
54 55 57 58 
55 56 58 59 
57 58 60 61 
58 59 61 62 
60 61 63 64 
61 62 64 65 
63 64 66 67 
64 65 67 68 
66 67 69 70 
67 68 70 71 
69 70 72 73 
70 71 73 74 
72 73 75 76 
73 74 76 77 
75 76 78 79 
76 77 79 80 
78 79 81 82 
79 80 82 83 
81 82 84 85 
82 83 85 86 
84 85 87 88 
85 86 88 89 
87 88 90 91 
88 89 91 92 
90 91 93 94 
91 92 94 95 
93 94 96 97 
94 95 97 98 
96 97 99 100 
97 98 100 101 
99 100 102 103 
100 101 103 104 
102 103 105 106 
103 104 106 107 
105 106 108 109 
106 107 109 110 
108 109 111 112 
109 110 112 113 
111 112 114 115 
112 113 115 116 
114 115 117 118 
115 116 118 119 
117 118 120 121 
118 119 121 122 
120 121 123 124 
121 122 124 125 
123 124 126 127 
124 125 127 128 
126 127 129 130 
127 128 130 131 
129 130 132 133 
130 131 133 134 
132 133 135 136 
133 134 136 137 
135 136 138 139 
136 137 139 140 
138 139 141 142 
139 140 142 143 
141 142 144 145 
142 143 145 146 
144 145 147 148 
145 146 148 149 
147 148 150 151 
148 149 151 152 
150 151 153 154 
151 152 154 155 
153 154 156 157 
154 155 157 158 
156 157 159 160 
157 158 160 161 
159 160 162 163 
160 161 163 164 
162 163 165 166 
163 164 166 167 
165 166 168 169 
166 167 169 170 
168 169 171 172 
169 170 172 173 
171 172 174 175 
172 173 175 176 
174 175 177 178 
175 176 178 179 
177 178 180 181 
178 179 181 182 
180 181 183 184 
181 182 184 185 
183 184 186 187 
184 185 187 188 
186 187 189 190 
187 188 190 191 
189 190 192 193 
190 191 193 194 
192 193 195 196 
193 194 196 197 
195 196 198 199 
196 197 199 200 
198 199 201 202 
199 200 202 203 
201 202 204 205 
202 203 205 206 
204 205 207 208 
205 206 208 209 
207 208 210 211 
208 209 211 212 
210 211 213 214 
211 212 214 215 
213 214 216 217 
214 215 217 218 
216 217 219 220 
217 218 220 221 
219 220 222 223 
220 221 223 224 
222 223 225 226 
223 224 226 227 
225 226 228 229 
226 227 229 230 
228 229 231 232 
229 230 232 233 
231 232 234 235 
232 233 235 236 
234 235 237 238 
235 236 238 239 
237 238 240 241 
238 239 241 242 
240 241 243 244 
241 242 244 245 
243 244 246 247 
244 245 247 248 
246 247 249 250 
247 248 250 251 
249 250 252 253 
250 251 253 254 
252 253 255 256 
253 254 256 257 
255 256 258 259 
256 257 259 260 
258 259 261 262 
259 260 262 263 
261 262 264 265 
262 263 265 266 
264 265 267 268 
265 266 268 269 
267 268 270 271 
268 269 271 272 
270 271 273 274 
271 272 274 275 
273 274 276 277 
274 275 277 278 
276 277 279 280 
277 278 280 281 
279 280 282 283 
280 281 283 284 
282 283 285 286 
283 284 286 287 
285 286 288 289 
286 287 289 290 
288 289 291 292 
289 290 292 293 
291 292 294 295 
292 293 295 296 
294 295 297 298 
295 296 298 299 
297 298 300 301 
298 299 301 302 
300 301 303 304 
301 302 304 305 
303 304 306 307 
304 305 307 308 
306 307 309 310 
307 308 310 311 
309 310 312 313 
310 311 313 314 
312 313 315 316 
313 314 316 317 
315 316 318 319 
316 317 319 320 
318 319 321 322 
319 320 322 323 
321 322 324 325 
322 323 325 326 
324 325 327 328 
325 326 328 329 
327 328 330 331 
328 329 331 332 
330 331 333 334 
331 332 334 335 
333 334 336 337 
334 335 337 338 
336 337 339 340 
337 338 340 341 
339 340 342 343 
340 341 343 344 
342 343 345 346 
343 344 346 347 
345 346 348 349 
346 347 349 350 
348 349 351 352 
349 350 352 353 
351 352 354 355 
352 353 355 356 
354 355 357 358 
355 356 358 359 
357 358 360 361 
358 359 361 362 
360 361 363 364 
361 362 364 365 
363 364 366 367 
364 365 367 368 
366 367 369 370 
367 368 370 371 
369 370 372 373 
370 371 373 374 
372 373 375 376 
373 374 376 377 
375 376 378 379 
376 377 379 380 
378 379 381 382 
379 380 382 383 
381 382 384 385 
382 383 385 386 
384 385 387 388 
385 386 388 389 
387 388 390 391 
388 389 391 392 
390 391 393 394 
391 392 394 395 
393 394 396 397 
394 395 397 398 
396 397 399 400 
397 398 400 401 
399 400 402 403 
400 401 403 404 
402 403 405 406 
403 404 406 407 
405 406 408 409 
406 407 409 410 
408 409 411 412 
409 410 412 413 
411 412 414 415 
412 413 415 416 
414 415 417 418 
415 416 418 419 
417 418 420 421 
418 419 421 422 
420 421 423 424 
421 422 424 425 
423 424 426 427 
424 425 427 428 
426 427 429 430 
427 428 430 431 
429 430 432 433 
430 431 433 434 
432 433 435 436 
433 434 436 437 
435 436 438 439 
436 437 439 440 
438 439 441 442 
439 440 442 443 
441 442 444 445 
442 443 445 446 
444 445 447 448 
445 446 448 449 
447 448 450 451 
448 449 451 452 
450 451 453 454 
451 452 454 455 
453 454 456 457 
454 455 457 458 
456 457 459 460 
457 458 460 461 
459 460 462 463 
460 461 463 464 
462 463 465 466 
463 464 466 467 
465 466 468 469 
466 467 469 470 
468 469 471 472 
469 470 472 473 
471 472 474 475 
472 473 475 476 
474 475 477 478 
475 476 478 479 
477 478 480 481 
478 479 481 482 
480 481 483 484 
481 482 484 485 
483 484 486 487 
484 485 487 488 
486 487 489 490 
487 488 490 491 
489 490 492 493 
490 491 493 494 
492 493 495 496 
493 494 496 497 
495 496 498 499 
496 497 499 500 
498 499 501 502 
499 500 502 503 
501 502 504 505 
502 503 505 506 
504 505 507 508 
505 506 508 509 
507 508 510 511 
508 509 511 512 
510 511 513 514 
511 512 514 515 
513 514 516 517 
514 515 517 518 
516 517 519 520 
517 518 520 521 
519 520 522 523 
520 521 523 524 
522 523 525 526 
523 524 526 527 
525 526 528 529 
526 527 529 530 
528 529 531 532 
529 530 532 533 
531 532 534 535 
532 533 535 536 
534 535 537 538 
535 536 538 539 
537 538 540 541 
538 539 541 542 
540 541 543 544 
541 542 544 545 
543 544 546 547 
544 545 547 548 
546 547 549 550 
547 548 550 551 
549 550 552 553 
550 551 553 554 
552 553 555 556 
553 554 556 557 
555 556 558 559 
556 557 559 560 
558 559 561 562 
559 560 562 563 
561 562 564 565 
562 563 565 566 
564 565 567 568 
565 566 568 569 
567 568 570 571 
568 569 571 572 
570 571 573 574 
571 572 574 575 
573 574 576 577 
574 575 577 578 
576 577 579 580 
577 578 580 581 
579 580 582 583 
580 581 583 584 
582 583 585 586 
583 584 586 587 
585 586 588 589 
586 587 589 590 
588 589 591 592 
589 590 592 593 
591 592 594 595 
592 593 595 596 
594 595 597 598 
595 596 598 599 
597 598 600 601 
598 599 601 602 
600 601 603 604 
601 602 604 605 
603 604 606 607 
604 605 607 608 
606 607 609 610 
607 608 610 611 
609 610 612 613 
610 611 613 614 
612 613 615 616 
613 614 616 617 
615 616 618 619 
616 617 619 620 
618 619 621 622 
619 620 622 623 
621 622 624 625 
622 623 625 626 
624 625 627 628 
625 626 628 629 
627 628 630 631 
628 629 631 632 
630 631 633 634 
631 632 634 635 
633 634 636 637 
634 635 637 638 
636 637 639 640 
637 638 640 641 
639 640 642 643 
640 641 643 644 
642 643 645 646 
643 644 646 647 
645 646 648 649 
646 647 649 650 
648 649 651 652 
649 650 652 653 
651 652 654 655 
652 653 655 656 
654 655 657 658 
655 656 658 659 
657 658 660 661 
658 659 661 662 
660 661 663 664 
661 662 664 665 
663 664 666 667 
664 665 667 668 
666 667 669 670 
667 668 670 671 
669 670 672 673 
670 671 673 674 
672 673 675 676 
673 674 676 677 
675 676 678 679 
676 677 679 680 
678 679 681 682 
679 680 682 683 
681 682 684 685 
682 683 685 686 
684 685 687 688 
685 686 688 689 
687 688 690 691 
688 689 691 692 
690 691 693 694 
691 692 694 695 
693 694 696 697 
694 695 697 698 
696 697 699 700 
697 698 700 701 
699 700 702 703 
700 701 703 704 
702 703 705 706 
703 704 706 707 
705 706 708 709 
706 707 709 710 
708 709 711 712 
709 710 712 713 
711 712 714 715 
712 713 715 716 
714 715 717 718 
715 716 718 719 
717 718 720 721 
718 719 721 722 
720 721 723 724 
721 722 724 725 
723 724 726 727 
724 725 727 728 
726 727 729 730 
727 728 730 731 
729 730 732 733 
730 731 733 734 
732 733 735 736 
733 734 736 737 
735 736 738 739 
736 737 739 740 
738 739 741 742 
739 740 742 743 
741 742 744 745 
742 743 745 746 
744 745 747 748 
745 746 748 749 
747 748 750 751 
748 749 751 752 
750 751 753 754 
751 752 754 755 
753 754 756 757 
754 755 757 758 
756 757 759 760 
757 758 760 761 
759 760 762 763 
760 761 763 764 
762 763 765 766 
763 764 766 767 
765 766 768 769 
766 767 769 770 
768 769 771 772 
769 770 772 773 
771 772 774 775 
772 773 775 776 
774 775 777 778 
775 776 778 779 
777 778 780 781 
778 779 781 782 
780 781 783 784 
781 782 784 785 
783 784 786 787 
784 785 787 788 
786 787 789 790 
787 788 790 791 
789 790 792 793 
790 791 793 794 
792 793 795 796 
793 794 796 797 
795 796 798 799 
796 797 799 800 
798 799 801 802 
799 800 802 803 
801 802 804 805 
802 803 805 806 
804 805 807 808 
805 806 808 809 
807 808 810 811 
808 809 811 812 
810 811 813 814 
811 812 814 815 
813 814 816 817 
814 815 817 818 
816 817 819 820 
817 818 820 821 
819 820 822 823 
820 821 823 824 
822 823 825 826 
823 824 826 827 
825 826 828 829 
826 827 829 830 
828 829 831 832 
829 830 832 833 
831 832 834 835 
832 833 835 836 
834 835 837 838 
835 836 838 839 
837 838 840 841 
838 839 841 842 
840 841 843 844 
841 842 844 845 
843 844 846 847 
844 845 847 848 
846 847 849 850 
847 848 850 851 
849 850 852 853 
850 851 853 854 
852 853 855 856 
853 854 856 857 
855 856 858 859 
856 857 859 860 
858 859 861 862 
859 860 862 863 
861 862 864 865 
862 863 865 866 
864 865 867 868 
865 866 868 869 
867 868 870 871 
868 869 871 872 
870 871 873 874 
871 872 874 875 
873 874 876 877 
874 875 877 878 
876 877 879 880 
877 878 880 881 
879 880 882 883 
880 881 883 884 
882 883 885 886 
883 884 886 887 
885 886 888 889 
886 887 889 890 
888 889 891 892 
889 890 892 893 
891 892 894 895 
892 893 895 896 
894 895 897 898 
895 896 898 899 
897 898 900 901 
898 899 901 902 
900 901 903 904 
901 902 904 905 
903 904 906 907 
904 905 907 908 
906 907 909 910 
907 908 910 911 
909 910 912 913 
910 911 913 914 
912 913 915 916 
913 914 916 917 
915 916 918 919 
916 917 919 920 
918 919 921 922 
919 920 922 923 
921 922 924 925 
922 923 925 926 
924 925 927 928 
925 926 928 929 
927 928 930 931 
928 929 931 932 
930 931 933 934 
931 932 934 935 
933 934 936 937 
934 935 937 938 
936 937 939 940 
937 938 940 941 
939 940 942 943 
940 941 943 944 
942 943 945 946 
943 944 946 947 
945 946 948 949 
946 947 949 950 
948 949 951 952 
949 950 952 953 
951 952 954 955 
952 953 955 956 
954 955 957 958 
955 956 958 959 
957 958 960 961 
958 959 961 962 
960 961 963 964 
961 962 964 965 
963 964 966 967 
964 965 967 968 
966 967 969 970 
967 968 970 971 
969 970 972 973 
970 971 973 974 
972 973 975 976 
973 974 976 977 
975 976 978 979 
976 977 979 980 
978 979 981 982 
979 980 982 983 
981 982 984 985 
982 983 985 986 
984 985 987 988 
985 986 988 989 
987 988 990 991 
988 989 991 992 
990 991 993 994 
991 992 994 995 
993 994 996 997 
994 995 997 998 
996 997 999 1000 
997 998 1000 1001 
999 1000 1002 1003 
1000 1001 1003 1004 
1002 1003 1005 1006 
1003 1004 1006 1007 
1005 1006 1008 1009 
1006 1007 1009 1010 
1008 1009 1011 1012 
1009 1010 1012 1013 
1011 1012 1014 1015 
1012 1013 1015 1016 
1014 1015 1017 1018 
1015 1016 1018 1019 
1017 1018 1020 1021 
1018 1019 1021 1022 
1020 1021 1023 1024 
1021 1022 1024 1025 
1023 1024 1026 1027 
1024 1025 1027 1028 
1026 1027 1029 1030 
1027 1028 1030 1031 
1029 1030 1032 1033 
1030 1031 1033 1034 
1032 1033 1035 1036 
1033 1034 1036 1037 
1035 1036 1038 1039 
1036 1037 1039 1040 
1038 1039 1041 1042 
1039 1040 1042 1043 
1041 1042 1044 1045 
1042 1043 1045 1046 
1044 1045 1047 1048 
1045 1046 1048 1049 
1047 1048 1050 1051 
1048 1049 1051 1052 
1050 1051 1053 1054 
1051 1052 1054 1055 
1053 1054 1056 1057 
1054 1055 1057 1058 
1056 1057 1059 1060 
1057 1058 1060 1061 
1059 1060 1062 1063 
1060 1061 1063 1064 
1062 1063 1065 1066 
1063 1064 1066 1067 
1065 1066 1068 1069 
1066 1067 1069 1070 
1068 1069 1071 1072 
1069 1070 1072 1073 
1071 1072 1074 1075 
1072 1073 1075 1076 
1074 1075 1077 1078 
1075 1076 1078 1079 
1077 1078 1080 1081 
1078 1079 1081 1082 
1080 1081 1083 1084 
1081 1082 1084 1085 
1083 1084 1086 1087 
1084 1085 1087 1088 
1086 1087 1089 1090 
1087 1088 1090 1091 
1089 1090 1092 1093 
1090 1091 1093 1094 
1092 1093 1095 1096 
1093 1094 1096 1097 
1095 1096 1098 1099 
1096 1097 1099 1100 
1098 1099 1101 1102 
1099 1100 1102 1103 
1101 1102 1104 1105 
1102 1103 1105 1106 
1104 1105 1107 1108 
1105 1106 1108 1109 
1107 1108 1110 1111 
1108 1109 1111 1112 
1110 1111 1113 1114 
1111 1112 1114 1115 
1113 1114 1116 1117 
1114 1115 1117 1118 
1116 1117 1119 1120 
1117 1118 1120 1121 
1119 1120 1122 1123 
1120 1121 1123 1124 
1122 1123 1125 1126 
1123 1124 1126 1127 
1125 1126 1128 1129 
1126 1127 1129 1130 
1128 1129 1131 1132 
1129 1130 1132 1133 
1131 1132 1134 1135 
1132 1133 1135 1136 
1134 1135 1137 1138 
1135 1136 1138 1139 
1137 1138 1140 1141 
1138 1139 1141 1142 
1140 1141 1143 1144 
1141 1142 1144 1145 
1143 1144 1146 1147 
1144 1145 1147 1148 
1146 1147 1149 1150 
1147 1148 1150 1151 
1149 1150 1152 1153 
1150 1151 1153 1154 
1152 1153 1155 1156 
1153 1154 1156 1157 
1155 1156 1158 1159 
1156 1157 1159 1160 
1158 1159 1161 1162 
1159 1160 1162 1163 
1161 1162 1164 1165 
1162 1163 1165 1166 
1164 1165 1167 1168 
1165 1166 1168 1169 
1167 1168 1170 1171 
1168 1169 1171 1172 
1170 1171 1173 1174 
1171 1172 1174 1175 
1173 1174 1176 1177 
1174 1175 1177 1178 
1176 1177 1179 1180 
1177 1178 1180 1181 
1179 1180 1182 1183 
1180 1181 1183 1184 
1182 1183 1185 1186 
1183 1184 1186 1187 
1185 1186 1188 1189 
1186 1187 1189 1190 
1188 1189 1191 1192 
1189 1190 1192 1193 
1191 1192 1194 1195 
1192 1193 1195 1196 
1194 1195 1197 1198 
1195 1196 1198 1199 
1197 1198 1200 1201 
1198 1199 1201 1202 
1200 1201 1203 1204 
1201 1202 1204 1205 
1203 1204 1206 1207 
1204 1205 1207 1208 
1206 1207 1209 1210 
1207 1208 1210 1211 
1209 1210 1212 1213 
1210 1211 1213 1214 
1212 1213 1215 1216 
1213 1214 1216 1217 
1215 1216 1218 1219 
1216 1217 1219 1220 
1218 1219 1221 1222 
1219 1220 1222 1223 
1221 1222 1224 1225 
1222 1223 1225 1226 
1224 1225 1227 1228 
1225 1226 1228 1229 
1227 1228 1230 1231 
1228 1229 1231 1232 
1230 1231 1233 1234 
1231 1232 1234 1235 
1233 1234 1236 1237 
1234 1235 1237 1238 
1236 1237 1239 1240 
1237 1238 1240 1241 
1239 1240 1242 1243 
1240 1241 1243 1244 
1242 1243 1245 1246 
1243 1244 1246 1247 
1245 1246 1248 1249 
1246 1247 1249 1250 
1248 1249 1251 1252 
1249 1250 1252 1253 
1251 1252 1254 1255 
1252 1253 1255 1256 
1254 1255 1257 1258 
1255 1256 1258 1259 
1257 1258 1260 1261 
1258 1259 1261 1262 
1260 1261 1263 1264 
1261 1262 1264 1265 
1263 1264 1266 1267 
1264 1265 1267 1268 
1266 1267 1269 1270 
1267 1268 1270 1271 
1269 1270 1272 1273 
1270 1271 1273 1274 
1272 1273 1275 1276 
1273 1274 1276 1277 
1275 1276 1278 1279 
1276 1277 1279 1280 
1278 1279 1281 1282 
1279 1280 1282 1283 
1281 1282 1284 1285 
1282 1283 1285 1286 
1284 1285 1287 1288 
1285 1286 1288 1289 
1287 1288 1290 1291 
1288 1289 1291 1292 
1290 1291 1293 1294 
1291 1292 1294 1295 
1293 1294 1296 1297 
1294 1295 1297 1298 
1296 1297 1299 1300 
1297 1298 1300 1301 
1299 1300 1302 1303 
1300 1301 1303 1304 
1302 1303 1305 1306 
1303 1304 1306 1307 
1305 1306 1308 1309 
1306 1307 1309 1310 
1308 1309 1311 1312 
1309 1310 1312 1313 
1311 1312 1314 1315 
1312 1313 1315 1316 
1314 1315 1317 1318 
1315 1316 1318 1319 
1317 1318 1320 1321 
1318 1319 1321 1322 
1320 1321 1323 1324 
1321 1322 1324 1325 
1323 1324 1326 1327 
1324 1325 1327 1328 
1326 1327 1329 1330 
1327 1328 1330 1331 
1329 1330 1332 1333 
1330 1331 1333 1334 
1332 1333 1335 1336 
1333 1334 1336 1337 
1335 1336 1338 1339 
1336 1337 1339 1340 
1338 1339 1341 1342 
1339 1340 1342 1343 
1341 1342 1344 1345 
1342 1343 1345 1346 
1344 1345 1347 1348 
1345 1346 1348 1349 
1347 1348 1350 1351 
1348 1349 1351 1352 
1350 1351 1353 1354 
1351 1352 1354 1355 
1353 1354 1356 1357 
1354 1355 1357 1358 
1356 1357 1359 1360 
1357 1358 1360 1361 
1359 1360 1362 1363 
1360 1361 1363 1364 
1362 1363 1365 1366 
1363 1364 1366 1367 
1365 1366 1368 1369 
1366 1367 1369 1370 
1368 1369 1371 1372 
1369 1370 1372 1373 
1371 1372 1374 1375 
1372 1373 1375 1376 
1374 1375 1377 1378 
1375 1376 1378 1379 
1377 1378 1380 1381 
1378 1379 1381 1382 
1380 1381 1383 1384 
1381 1382 1384 1385 
1383 1384 1386 1387 
1384 1385 1387 1388 
1386 1387 1389 1390 
1387 1388 1390 1391 
1389 1390 1392 1393 
1390 1391 1393 1394 
1392 1393 1395 1396 
1393 1394 1396 1397 
1395 1396 1398 1399 
1396 1397 1399 1400 
1398 1399 1401 1402 
1399 1400 1402 1403 
1401 1402 1404 1405 
1402 1403 1405 1406 
1404 1405 1407 1408 
1405 1406 1408 1409 
1407 1408 1410 1411 
1408 1409 1411 1412 
1410 1411 1413 1414 
1411 1412 1414 1415 
1413 1414 1416 1417 
1414 1415 1417 1418 
1416 1417 1419 1420 
1417 1418 1420 1421 
1419 1420 1422 1423 
1420 1421 1423 1424 
1422 1423 1425 1426 
1423 1424 1426 1427 
1425 1426 1428 1429 
1426 1427 1429 1430 
1428 1429 1431 1432 
1429 1430 1432 1433 
1431 1432 1434 1435 
1432 1433 1435 1436 
1434 1435 1437 1438 
1435 1436 1438 1439 
1437 1438 1440 1441 
1438 1439 1441 1442 
1440 1441 1443 1444 
1441 1442 1444 1445 
1443 1444 1446 1447 
1444 1445 1447 1448 
1446 1447 1449 1450 
1447 1448 1450 1451 
1449 1450 1452 1453 
1450 1451 1453 1454 
1452 1453 1455 1456 
1453 1454 1456 1457 
1455 1456 1458 1459 
1456 1457 1459 1460 
1458 1459 1461 1462 
1459 1460 1462 1463 
1461 1462 1464 1465 
1462 1463 1465 1466 
1464 1465 1467 1468 
1465 1466 1468 1469 
1467 1468 1470 1471 
1468 1469 1471 1472 
1470 1471 1473 1474 
1471 1472 1474 1475 
1473 1474 1476 1477 
1474 1475 1477 1478 
1476 1477 1479 1480 
1477 1478 1480 1481 
1479 1480 1482 1483 
1480 1481 1483 1484 
1482 1483 1485 1486 
1483 1484 1486 1487 
1485 1486 1488 1489 
1486 1487 1489 1490 
1488 1489 1491 1492 
1489 1490 1492 1493 
1491 1492 1494 1495 
1492 1493 1495 1496 
1494 1495 1497 1498 
1495 1496 1498 1499 
1497 1498 1500 1501 
1498 1499 1501 1502 
1500 1501 1503 1504 
1501 1502 1504 1505 
1503 1504 1506 1507 
1504 1505 1507 1508 
1506 1507 1509 1510 
1507 1508 1510 1511 
1509 1510 1512 1513 
1510 1511 1513 1514 
1512 1513 1515 1516 
1513 1514 1516 1517 
1515 1516 1518 1519 
1516 1517 1519 1520 
1518 1519 1521 1522 
1519 1520 1522 1523 
1521 1522 1524 1525 
1522 1523 1525 1526 
1524 1525 1527 1528 
1525 1526 1528 1529 
1527 1528 1530 1531 
1528 1529 1531 1532 
1530 1531 1533 1534 
1531 1532 1534 1535 
1533 1534 1536 1537 
1534 1535 1537 1538 
1536 1537 1539 1540 
1537 1538 1540 1541 
1539 1540 1542 1543 
1540 1541 1543 1544 
1542 1543 1545 1546 
1543 1544 1546 1547 
1545 1546 1548 1549 
1546 1547 1549 1550 
1548 1549 1551 1552 
1549 1550 1552 1553 
1551 1552 1554 1555 
1552 1553 1555 1556 
1554 1555 1557 1558 
1555 1556 1558 1559 
1557 1558 1560 1561 
1558 1559 1561 1562 
1560 1561 1563 1564 
1561 1562 1564 1565 
1563 1564 1566 1567 
1564 1565 1567 1568 
1566 1567 1569 1570 
1567 1568 1570 1571 
1569 1570 1572 1573 
1570 1571 1573 1574 
1572 1573 1575 1576 
1573 1574 1576 1577 
1575 1576 1578 1579 
1576 1577 1579 1580 
1578 1579 1581 1582 
1579 1580 1582 1583 
1581 1582 1584 1585 
1582 1583 1585 1586 
1584 1585 1587 1588 
1585 1586 1588 1589 
1587 1588 1590 1591 
1588 1589 1591 1592 
1590 1591 1593 1594 
1591 1592 1594 1595 
1593 1594 1596 1597 
1594 1595 1597 1598 
1596 1597 1599 1600 
1597 1598 1600 1601 
1599 1600 1602 1603 
1600 1601 1603 1604 
1602 1603 1605 1606 
1603 1604 1606 1607 
1605 1606 1608 1609 
1606 1607 1609 1610 
1608 1609 1611 1612 
1609 1610 1612 1613 
1611 1612 1614 1615 
1612 1613 1615 1616 
1614 1615 1617 1618 
1615 1616 1618 1619 
1617 1618 1620 1621 
1618 1619 1621 1622 
1620 1621 1623 1624 
1621 1622 1624 1625 
1623 1624 1626 1627 
1624 1625 1627 1628 
1626 1627 1629 1630 
1627 1628 1630 1631 
1629 1630 1632 1633 
1630 1631 1633 1634 
1632 1633 1635 1636 
1633 1634 1636 1637 
1635 1636 1638 1639 
1636 1637 1639 1640 
1638 1639 1641 1642 
1639 1640 1642 1643 
1641 1642 1644 1645 
1642 1643 1645 1646 
1644 1645 1647 1648 
1645 1646 1648 1649 
1647 1648 1650 1651 
1648 1649 1651 1652 
1650 1651 1653 1654 
1651 1652 1654 1655 
1653 1654 1656 1657 
1654 1655 1657 1658 
1656 1657 1659 1660 
1657 1658 1660 1661 
1659 1660 1662 1663 
1660 1661 1663 1664 
1662 1663 1665 1666 
1663 1664 1666 1667 
1665 1666 1668 1669 
1666 1667 1669 1670 
1668 1669 1671 1672 
1669 1670 1672 1673 
1671 1672 1674 1675 
1672 1673 1675 1676 
1674 1675 1677 1678 
1675 1676 1678 1679 
1677 1678 1680 1681 
1678 1679 1681 1682 
1680 1681 1683 1684 
1681 1682 1684 1685 
1683 1684 1686 1687 
1684 1685 1687 1688 
1686 1687 1689 1690 
1687 1688 1690 1691 
1689 1690 1692 1693 
1690 1691 1693 1694 
1692 1693 1695 1696 
1693 1694 1696 1697 
1695 1696 1698 1699 
1696 1697 1699 1700 
1698 1699 1701 1702 
1699 1700 1702 1703 
1701 1702 1704 1705 
1702 1703 1705 1706 
1704 1705 1707 1708 
1705 1706 1708 1709 
1707 1708 1710 1711 
1708 1709 1711 1712 
1710 1711 1713 1714 
1711 1712 1714 1715 
1713 1714 1716 1717 
1714 1715 1717 1718 
1716 1717 1719 1720 
1717 1718 1720 1721 
1719 1720 1722 1723 
1720 1721 1723 1724 
1722 1723 1725 1726 
1723 1724 1726 1727 
1725 1726 1728 1729 
1726 1727 1729 1730 
1728 1729 1731 1732 
1729 1730 1732 1733 
1731 1732 1734 1735 
1732 1733 1735 1736 
1734 1735 1737 1738 
1735 1736 1738 1739 
1737 1738 1740 1741 
1738 1739 1741 1742 
1740 1741 1743 1744 
1741 1742 1744 1745 
1743 1744 1746 1747 
1744 1745 1747 1748 
1746 1747 1749 1750 
1747 1748 1750 1751 
1749 1750 1752 1753 
1750 1751 1753 1754 
1752 1753 1755 1756 
1753 1754 1756 1757 
1755 1756 1758 1759 
1756 1757 1759 1760 
1758 1759 1761 1762 
1759 1760 1762 1763 
1761 1762 1764 1765 
1762 1763 1765 1766 
1764 1765 1767 1768 
1765 1766 1768 1769 
1767 1768 1770 1771 
1768 1769 1771 1772 
1770 1771 1773 1774 
1771 1772 1774 1775 
1773 1774 1776 1777 
1774 1775 1777 1778 
1776 1777 1779 1780 
1777 1778 1780 1781 
1779 1780 1782 1783 
1780 1781 1783 1784 
1782 1783 1785 1786 
1783 1784 1786 1787 
1785 1786 1788 1789 
1786 1787 1789 1790 
1788 1789 1791 1792 
1789 1790 1792 1793 
1791 1792 1794 1795 
1792 1793 1795 1796 
1794 1795 1797 1798 
1795 1796 1798 1799 
1797 1798 1800 1801 
1798 1799 1801 1802 
1800 1801 1803 1804 
1801 1802 1804 1805 
1803 1804 1806 1807 
1804 1805 1807 1808 
1806 1807 1809 1810 
1807 1808 1810 1811 
1809 1810 1812 1813 
1810 1811 1813 1814 
1812 1813 1815 1816 
1813 1814 1816 1817 
1815 1816 1818 1819 
1816 1817 1819 1820 
1818 1819 1821 1822 
1819 1820 1822 1823 
1821 1822 1824 1825 
1822 1823 1825 1826 
1824 1825 1827 1828 
1825 1826 1828 1829 
1827 1828 1830 1831 
1828 1829 1831 1832 
1830 1831 1833 1834 
1831 1832 1834 1835 
1833 1834 1836 1837 
1834 1835 1837 1838 
1836 1837 1839 1840 
1837 1838 1840 1841 
1839 1840 1842 1843 
1840 1841 1843 1844 
1842 1843 1845 1846 
1843 1844 1846 1847 
1845 1846 1848 1849 
1846 1847 1849 1850 
1848 1849 1851 1852 
1849 1850 1852 1853 
1851 1852 1854 1855 
1852 1853 1855 1856 
1854 1855 1857 1858 
1855 1856 1858 1859 
1857 1858 1860 1861 
1858 1859 1861 1862 
1860 1861 1863 1864 
1861 1862 1864 1865 
1863 1864 1866 1867 
1864 1865 1867 1868 
1866 1867 1869 1870 
1867 1868 1870 1871 
1869 1870 1872 1873 
1870 1871 1873 1874 
1872 1873 1875 1876 
1873 1874 1876 1877 
1875 1876 1878 1879 
1876 1877 1879 1880 
1878 1879 1881 1882 
1879 1880 1882 1883 
1881 1882 1884 1885 
1882 1883 1885 1886 
1884 1885 1887 1888 
1885 1886 1888 1889 
1887 1888 1890 1891 
1888 1889 1891 1892 
1890 1891 1893 1894 
1891 1892 1894 1895 
1893 1894 1896 1897 
1894 1895 1897 1898 
1896 1897 1899 1900 
1897 1898 1900 1901 
1899 1900 1902 1903 
1900 1901 1903 1904 
1902 1903 1905 1906 
1903 1904 1906 1907 
1905 1906 1908 1909 
1906 1907 1909 1910 
1908 1909 1911 1912 
1909 1910 1912 1913 
1911 1912 1914 1915 
1912 1913 1915 1916 
1914 1915 1917 1918 
1915 1916 1918 1919 
1917 1918 1920 1921 
1918 1919 1921 1922 
1920 1921 1923 1924 
1921 1922 1924 1925 
1923 1924 1926 1927 
1924 1925 1927 1928 
1926 1927 1929 1930 
1927 1928 1930 1931 
1929 1930 1932 1933 
1930 1931 1933 1934 
1932 1933 1935 1936 
1933 1934 1936 1937 
1935 1936 1938 1939 
1936 1937 1939 1940 
1938 1939 1941 1942 
1939 1940 1942 1943 
1941 1942 1944 1945 
1942 1943 1945 1946 
1944 1945 1947 1948 
1945 1946 1948 1949 
1947 1948 1950 1951 
1948 1949 1951 1952 
1950 1951 1953 1954 
1951 1952 1954 1955 
1953 1954 1956 1957 
1954 1955 1957 1958 
1956 1957 1959 1960 
1957 1958 1960 1961 
1959 1960 1962 1963 
1960 1961 1963 1964 
1962 1963 1965 1966 
1963 1964 1966 1967 
1965 1966 1968 1969 
1966 1967 1969 1970 
1968 1969 1971 1972 
1969 1970 1972 1973 
1971 1972 1974 1975 
1972 1973 1975 1976 
1974 1975 1977 1978 
1975 1976 1978 1979 
1977 1978 1980 1981 
1978 1979 1981 1982 
1980 1981 1983 1984 
1981 1982 1984 1985 
1983 1984 1986 1987 
1984 1985 1987 1988 
1986 1987 1989 1990 
1987 1988 1990 1991 
1989 1990 1992 1993 
1990 1991 1993 1994 
1992 1993 1995 1996 
1993 1994 1996 1997 
1995 1996 1998 1999 
1996 1997 1999 2000 
1998 1999 2001 2002 
1999 2000 2002 2003 
2001 2002 2004 2005 
2002 2003 2005 2006 
2004 2005 2007 2008 
2005 2006 2008 2009 
2007 2008 2010 2011 
2008 2009 2011 2012 
2010 2011 2013 2014 
2011 2012 2014 2015 
2013 2014 2016 2017 
2014 2015 2017 2018 
2016 2017 2019 2020 
2017 2018 2020 2021 
2019 2020 2022 2023 
2020 2021 2023 2024 
2022 2023 2025 2026 
2023 2024 2026 2027 
2025 2026 2028 2029 
2026 2027 2029 2030 
2028 2029 2031 2032 
2029 2030 2032 2033 
2031 2032 2034 2035 
2032 2033 2035 2036 
2034 2035 2037 2038 
2035 2036 2038 2039 
2037 2038 2040 2041 
2038 2039 2041 2042 
2040 2041 2043 2044 
2041 2042 2044 2045 
2043 2044 2046 2047 
2044 2045 2047 2048 
2046 2047 2049 2050 
2047 2048 2050 2051 
2049 2050 2052 2053 
2050 2051 2053 2054 
2052 2053 2055 2056 
2053 2054 2056 2057 
2055 2056 2058 2059 
2056 2057 2059 2060 
2058 2059 2061 2062 
2059 2060 2062 2063 
2061 2062 2064 2065 
2062 2063 2065 2066 
2064 2065 2067 2068 
2065 2066 2068 2069 
2067 2068 2070 2071 
2068 2069 2071 2072 
2070 2071 2073 2074 
2071 2072 2074 2075 
2073 2074 2076 2077 
2074 2075 2077 2078 
2076 2077 2079 2080 
2077 2078 2080 2081 
2079 2080 2082 2083 
2080 2081 2083 2084 
2082 2083 2085 2086 
2083 2084 2086 2087 
2085 2086 2088 2089 
2086 2087 2089 2090 
2088 2089 2091 2092 
2089 2090 2092 2093 
2091 2092 2094 2095 
2092 2093 2095 2096 
2094 2095 2097 2098 
2095 2096 2098 2099 
2097 2098 2100 2101 
2098 2099 2101 2102 
2100 2101 2103 2104 
2101 2102 2104 2105 
2103 2104 2106 2107 
2104 2105 2107 2108 
2106 2107 2109 2110 
2107 2108 2110 2111 
2109 2110 2112 2113 
2110 2111 2113 2114 
2112 2113 2115 2116 
2113 2114 2116 2117 
2115 2116 2118 2119 
2116 2117 2119 2120 
2118 2119 2121 2122 
2119 2120 2122 2123 
2121 2122 2124 2125 
2122 2123 2125 2126 
2124 2125 2127 2128 
2125 2126 2128 2129 
2127 2128 2130 2131 
2128 2129 2131 2132 
2130 2131 2133 2134 
2131 2132 2134 2135 
2133 2134 2136 2137 
2134 2135 2137 2138 
2136 2137 2139 2140 
2137 2138 2140 2141 
2139 2140 2142 2143 
2140 2141 2143 2144 
2142 2143 2145 2146 
2143 2144 2146 2147 
2145 2146 2148 2149 
2146 2147 2149 2150 
2148 2149 2151 2152 
2149 2150 2152 2153 
2151 2152 2154 2155 
2152 2153 2155 2156 
2154 2155 2157 2158 
2155 2156 2158 2159 
2157 2158 2160 2161 
2158 2159 2161 2162 
2160 2161 2163 2164 
2161 2162 2164 2165 
2163 2164 2166 2167 
2164 2165 2167 2168 
2166 2167 2169 2170 
2167 2168 2170 2171 
2169 2170 2172 2173 
2170 2171 2173 2174 
2172 2173 2175 2176 
2173 2174 2176 2177 
2175 2176 2178 2179 
2176 2177 2179 2180 
2178 2179 2181 2182 
2179 2180 2182 2183 
2181 2182 2184 2185 
2182 2183 2185 2186 
2184 2185 2187 2188 
2185 2186 2188 2189 
2187 2188 2190 2191 
2188 2189 2191 2192 
2190 2191 2193 2194 
2191 2192 2194 2195 
2193 2194 2196 2197 
2194 2195 2197 2198 
2196 2197 2199 2200 
2197 2198 2200 2201 
2199 2200 2202 2203 
2200 2201 2203 2204 
2202 2203 2205 2206 
2203 2204 2206 2207 
2205 2206 2208 2209 
2206 2207 2209 2210 
2208 2209 2211 2212 
2209 2210 2212 2213 
2211 2212 2214 2215 
2212 2213 2215 2216 
2214 2215 2217 2218 
2215 2216 2218 2219 
2217 2218 2220 2221 
2218 2219 2221 2222 
2220 2221 2223 2224 
2221 2222 2224 2225 
2223 2224 2226 2227 
2224 2225 2227 2228 
2226 2227 2229 2230 
2227 2228 2230 2231 
2229 2230 2232 2233 
2230 2231 2233 2234 
2232 2233 2235 2236 
2233 2234 2236 2237 
2235 2236 2238 2239 
2236 2237 2239 2240 
2238 2239 2241 2242 
2239 2240 2242 2243 
2241 2242 2244 2245 
2242 2243 2245 2246 
2244 2245 2247 2248 
2245 2246 2248 2249 
2247 2248 2250 2251 
2248 2249 2251 2252 
2250 2251 2253 2254 
2251 2252 2254 2255 
2253 2254 2256 2257 
2254 2255 2257 2258 
2256 2257 2259 2260 
2257 2258 2260 2261 
2259 2260 2262 2263 
2260 2261 2263 2264 
2262 2263 2265 2266 
2263 2264 2266 2267 
2265 2266 2268 2269 
2266 2267 2269 2270 
2268 2269 2271 2272 
2269 2270 2272 2273 
2271 2272 2274 2275 
2272 2273 2275 2276 
2274 2275 2277 2278 
2275 2276 2278 2279 
2277 2278 2280 2281 
2278 2279 2281 2282 
2280 2281 2283 2284 
2281 2282 2284 2285 
2283 2284 2286 2287 
2284 2285 2287 2288 
2286 2287 2289 2290 
2287 2288 2290 2291 
2289 2290 2292 2293 
2290 2291 2293 2294 
2292 2293 2295 2296 
2293 2294 2296 2297 
2295 2296 2298 2299 
2296 2297 2299 2300 
2298 2299 2301 2302 
2299 2300 2302 2303 
2301 2302 2304 2305 
2302 2303 2305 2306 
2304 2305 2307 2308 
2305 2306 2308 2309 
2307 2308 2310 2311 
2308 2309 2311 2312 
2310 2311 2313 2314 
2311 2312 2314 2315 
2313 2314 2316 2317 
2314 2315 2317 2318 
2316 2317 2319 2320 
2317 2318 2320 2321 
2319 2320 2322 2323 
2320 2321 2323 2324 
2322 2323 2325 2326 
2323 2324 2326 2327 
2325 2326 2328 2329 
2326 2327 2329 2330 
2328 2329 2331 2332 
2329 2330 2332 2333 
2331 2332 2334 2335 
2332 2333 2335 2336 
2334 2335 2337 2338 
2335 2336 2338 2339 
2337 2338 2340 2341 
2338 2339 2341 2342 
2340 2341 2343 2344 
2341 2342 2344 2345 
2343 2344 2346 2347 
2344 2345 2347 2348 
2346 2347 2349 2350 
2347 2348 2350 2351 
2349 2350 2352 2353 
2350 2351 2353 2354 
2352 2353 2355 2356 
2353 2354 2356 2357 
2355 2356 2358 2359 
2356 2357 2359 2360 
2358 2359 2361 2362 
2359 2360 2362 2363 
2361 2362 2364 2365 
2362 2363 2365 2366 
2364 2365 2367 2368 
2365 2366 2368 2369 
2367 2368 2370 2371 
2368 2369 2371 2372 
2370 2371 2373 2374 
2371 2372 2374 2375 
2373 2374 2376 2377 
2374 2375 2377 2378 
2376 2377 2379 2380 
2377 2378 2380 2381 
2379 2380 2382 2383 
2380 2381 2383 2384 
2382 2383 2385 2386 
2383 2384 2386 2387 
2385 2386 2388 2389 
2386 2387 2389 2390 
2388 2389 2391 2392 
2389 2390 2392 2393 
2391 2392 2394 2395 
2392 2393 2395 2396 
2394 2395 2397 2398 
2395 2396 2398 2399 
2397 2398 2400 2401 
2398 2399 2401 2402 
2400 2401 2403 2404 
2401 2402 2404 2405 
2403 2404 2406 2407 
2404 2405 2407 2408 
2406 2407 2409 2410 
2407 2408 2410 2411 
2409 2410 2412 2413 
2410 2411 2413 2414 
2412 2413 2415 2416 
2413 2414 2416 2417 
2415 2416 2418 2419 
2416 2417 2419 2420 
2418 2419 2421 2422 
2419 2420 2422 2423 
2421 2422 2424 2425 
2422 2423 2425 2426 
2424 2425 2427 2428 
2425 2426 2428 2429 
2427 2428 2430 2431 
2428 2429 2431 2432 
2430 2431 2433 2434 
2431 2432 2434 2435 
2433 2434 2436 2437 
2434 2435 2437 2438 
2436 2437 2439 2440 
2437 2438 2440 2441 
2439 2440 2442 2443 
2440 2441 2443 2444 
2442 2443 2445 2446 
2443 2444 2446 2447 
2445 2446 2448 2449 
2446 2447 2449 2450 
2448 2449 2451 2452 
2449 2450 2452 2453 
2451 2452 2454 2455 
2452 2453 2455 2456 
2454 2455 2457 2458 
2455 2456 2458 2459 
2457 2458 2460 2461 
2458 2459 2461 2462 
2460 2461 2463 2464 
2461 2462 2464 2465 
2463 2464 2466 2467 
2464 2465 2467 2468 
2466 2467 2469 2470 
2467 2468 2470 2471 
2469 2470 2472 2473 
2470 2471 2473 2474 
2472 2473 2475 2476 
2473 2474 2476 2477 
2475 2476 2478 2479 
2476 2477 2479 2480 
2478 2479 2481 2482 
2479 2480 2482 2483 
2481 2482 2484 2485 
2482 2483 2485 2486 
2484 2485 2487 2488 
2485 2486 2488 2489 
2487 2488 2490 2491 
2488 2489 2491 2492 
2490 2491 2493 2494 
2491 2492 2494 2495 
2493 2494 2496 2497 
2494 2495 2497 2498 
2496 2497 2499 2500 
2497 2498 2500 2501 
2499 2500 2502 2503 
2500 2501 2503 2504 
2502 2503 2505 2506 
2503 2504 2506 2507 
2505 2506 2508 2509 
2506 2507 2509 2510 
2508 2509 2511 2512 
2509 2510 2512 2513 
2511 2512 2514 2515 
2512 2513 2515 2516 
2514 2515 2517 2518 
2515 2516 2518 2519 
2517 2518 2520 2521 
2518 2519 2521 2522 
2520 2521 2523 2524 
2521 2522 2524 2525 
2523 2524 2526 2527 
2524 2525 2527 2528 
2526 2527 2529 2530 
2527 2528 2530 2531 
2529 2530 2532 2533 
2530 2531 2533 2534 
2532 2533 2535 2536 
2533 2534 2536 2537 
2535 2536 2538 2539 
2536 2537 2539 2540 
2538 2539 2541 2542 
2539 2540 2542 2543 
2541 2542 2544 2545 
2542 2543 2545 2546 
2544 2545 2547 2548 
2545 2546 2548 2549 
2547 2548 2550 2551 
2548 2549 2551 2552 
2550 2551 2553 2554 
2551 2552 2554 2555 
2553 2554 2556 2557 
2554 2555 2557 2558 
2556 2557 2559 2560 
2557 2558 2560 2561 
2559 2560 2562 2563 
2560 2561 2563 2564 
2562 2563 2565 2566 
2563 2564 2566 2567 
2565 2566 2568 2569 
2566 2567 2569 2570 
2568 2569 2571 2572 
2569 2570 2572 2573 
2571 2572 2574 2575 
2572 2573 2575 2576 
2574 2575 2577 2578 
2575 2576 2578 2579 
2577 2578 2580 2581 
2578 2579 2581 2582 
2580 2581 2583 2584 
2581 2582 2584 2585 
2583 2584 2586 2587 
2584 2585 2587 2588 
2586 2587 2589 2590 
2587 2588 2590 2591 
2589 2590 2592 2593 
2590 2591 2593 2594 
2592 2593 2595 2596 
2593 2594 2596 2597 
2595 2596 2598 2599 
2596 2597 2599 2600 
2598 2599 2601 2602 
2599 2600 2602 2603 
2601 2602 2604 2605 
2602 2603 2605 2606 
2604 2605 2607 2608 
2605 2606 2608 2609 
2607 2608 2610 2611 
2608 2609 2611 2612 
2610 2611 2613 2614 
2611 2612 2614 2615 
2613 2614 2616 2617 
2614 2615 2617 2618 
2616 2617 2619 2620 
2617 2618 2620 2621 
2619 2620 2622 2623 
2620 2621 2623 2624 
2622 2623 2625 2626 
2623 2624 2626 2627 
2625 2626 2628 2629 
2626 2627 2629 2630 
2628 2629 2631 2632 
2629 2630 2632 2633 
2631 2632 2634 2635 
2632 2633 2635 2636 
2634 2635 2637 2638 
2635 2636 2638 2639 
2637 2638 2640 2641 
2638 2639 2641 2642 
2640 2641 2643 2644 
2641 2642 2644 2645 
2643 2644 2646 2647 
2644 2645 2647 2648 
2646 2647 2649 2650 
2647 2648 2650 2651 
2649 2650 2652 2653 
2650 2651 2653 2654 
2652 2653 2655 2656 
2653 2654 2656 2657 
2655 2656 2658 2659 
2656 2657 2659 2660 
2658 2659 2661 2662 
2659 2660 2662 2663 
2661 2662 2664 2665 
2662 2663 2665 2666 
2664 2665 2667 2668 
2665 2666 2668 2669 
2667 2668 2670 2671 
2668 2669 2671 2672 
2670 2671 2673 2674 
2671 2672 2674 2675 
2673 2674 2676 2677 
2674 2675 2677 2678 
2676 2677 2679 2680 
2677 2678 2680 2681 
2679 2680 2682 2683 
2680 2681 2683 2684 
2682 2683 2685 2686 
2683 2684 2686 2687 
2685 2686 2688 2689 
2686 2687 2689 2690 
2688 2689 2691 2692 
2689 2690 2692 2693 
2691 2692 2694 2695 
2692 2693 2695 2696 
2694 2695 2697 2698 
2695 2696 2698 2699 
2697 2698 2700 2701 
2698 2699 2701 2702 
2700 2701 2703 2704 
2701 2702 2704 2705 
2703 2704 2706 2707 
2704 2705 2707 2708 
2706 2707 2709 2710 
2707 2708 2710 2711 
2709 2710 2712 2713 
2710 2711 2713 2714 
2712 2713 2715 2716 
2713 2714 2716 2717 
2715 2716 2718 2719 
2716 2717 2719 2720 
2718 2719 2721 2722 
2719 2720 2722 2723 
2721 2722 2724 2725 
2722 2723 2725 2726 
2724 2725 2727 2728 
2725 2726 2728 2729 
2727 2728 2730 2731 
2728 2729 2731 2732 
2730 2731 2733 2734 
2731 2732 2734 2735 
2733 2734 2736 2737 
2734 2735 2737 2738 
2736 2737 2739 2740 
2737 2738 2740 2741 
2739 2740 2742 2743 
2740 2741 2743 2744 
2742 2743 2745 2746 
2743 2744 2746 2747 
2745 2746 2748 2749 
2746 2747 2749 2750 
2748 2749 2751 2752 
2749 2750 2752 2753 
2751 2752 2754 2755 
2752 2753 2755 2756 
2754 2755 2757 2758 
2755 2756 2758 2759 
2757 2758 2760 2761 
2758 2759 2761 2762 
2760 2761 2763 2764 
2761 2762 2764 2765 
2763 2764 2766 2767 
2764 2765 2767 2768 
2766 2767 2769 2770 
2767 2768 2770 2771 
2769 2770 2772 2773 
2770 2771 2773 2774 
2772 2773 2775 2776 
2773 2774 2776 2777 
2775 2776 2778 2779 
2776 2777 2779 2780 
2778 2779 2781 2782 
2779 2780 2782 2783 
2781 2782 2784 2785 
2782 2783 2785 2786 
2784 2785 2787 2788 
2785 2786 2788 2789 
2787 2788 2790 2791 
2788 2789 2791 2792 
2790 2791 2793 2794 
2791 2792 2794 2795 
2793 2794 2796 2797 
2794 2795 2797 2798 
2796 2797 2799 2800 
2797 2798 2800 2801 
2799 2800 2802 2803 
2800 2801 2803 2804 
2802 2803 2805 2806 
2803 2804 2806 2807 
2805 2806 2808 2809 
2806 2807 2809 2810 
2808 2809 2811 2812 
2809 2810 2812 2813 
2811 2812 2814 2815 
2812 2813 2815 2816 
2814 2815 2817 2818 
2815 2816 2818 2819 
2817 2818 2820 2821 
2818 2819 2821 2822 
2820 2821 2823 2824 
2821 2822 2824 2825 
2823 2824 2826 2827 
2824 2825 2827 2828 
2826 2827 2829 2830 
2827 2828 2830 2831 
2829 2830 2832 2833 
2830 2831 2833 2834 
2832 2833 2835 2836 
2833 2834 2836 2837 
2835 2836 2838 2839 
2836 2837 2839 2840 
2838 2839 2841 2842 
2839 2840 2842 2843 
2841 2842 2844 2845 
2842 2843 2845 2846 
2844 2845 2847 2848 
2845 2846 2848 2849 
2847 2848 2850 2851 
2848 2849 2851 2852 
2850 2851 2853 2854 
2851 2852 2854 2855 
2853 2854 2856 2857 
2854 2855 2857 2858 
2856 2857 2859 2860 
2857 2858 2860 2861 
2859 2860 2862 2863 
2860 2861 2863 2864 
2862 2863 2865 2866 
2863 2864 2866 2867 
2865 2866 2868 2869 
2866 2867 2869 2870 
2868 2869 2871 2872 
2869 2870 2872 2873 
2871 2872 2874 2875 
2872 2873 2875 2876 
2874 2875 2877 2878 
2875 2876 2878 2879 
2877 2878 2880 2881 
2878 2879 2881 2882 
2880 2881 2883 2884 
2881 2882 2884 2885 
2883 2884 2886 2887 
2884 2885 2887 2888 
2886 2887 2889 2890 
2887 2888 2890 2891 
2889 2890 2892 2893 
2890 2891 2893 2894 
2892 2893 2895 2896 
2893 2894 2896 2897 
2895 2896 2898 2899 
2896 2897 2899 2900 
2898 2899 2901 2902 
2899 2900 2902 2903 
2901 2902 2904 2905 
2902 2903 2905 2906 
2904 2905 2907 2908 
2905 2906 2908 2909 
2907 2908 2910 2911 
2908 2909 2911 2912 
2910 2911 2913 2914 
2911 2912 2914 2915 
2913 2914 2916 2917 
2914 2915 2917 2918 
2916 2917 2919 2920 
2917 2918 2920 2921 
2919 2920 2922 2923 
2920 2921 2923 2924 
2922 2923 2925 2926 
2923 2924 2926 2927 
2925 2926 2928 2929 
2926 2927 2929 2930 
2928 2929 2931 2932 
2929 2930 2932 2933 
2931 2932 2934 2935 
2932 2933 2935 2936 
2934 2935 2937 2938 
2935 2936 2938 2939 
2937 2938 2940 2941 
2938 2939 2941 2942 
2940 2941 2943 2944 
2941 2942 2944 2945 
2943 2944 2946 2947 
2944 2945 2947 2948 
2946 2947 2949 2950 
2947 2948 2950 2951 
2949 2950 2952 2953 
2950 2951 2953 2954 
2952 2953 2955 2956 
2953 2954 2956 2957 
2955 2956 2958 2959 
2956 2957 2959 2960 
2958 2959 2961 2962 
2959 2960 2962 2963 
2961 2962 2964 2965 
2962 2963 2965 2966 
2964 2965 2967 2968 
2965 2966 2968 2969 
2967 2968 2970 2971 
2968 2969 2971 2972 
2970 2971 2973 2974 
2971 2972 2974 2975 
2973 2974 2976 2977 
2974 2975 2977 2978 
2976 2977 2979 2980 
2977 2978 2980 2981 
2979 2980 2982 2983 
2980 2981 2983 2984 
2982 2983 2985 2986 
2983 2984 2986 2987 
2985 2986 2988 2989 
2986 2987 2989 2990 
2988 2989 2991 2992 
2989 2990 2992 2993 
2991 2992 2994 2995 
2992 2993 2995 2996 
2994 2995 2997 2998 
2995 2996 2998 2999 
2997 2998 3000 3001 
2998 2999 3001 3002 
3000 3001 3003 3004 
3001 3002 3004 3005 
3003 3004 3006 3007 
3004 3005 3007 3008 
3006 3007 3009 3010 
3007 3008 3010 3011 
3009 3010 3012 3013 
3010 3011 3013 3014 
3012 3013 3015 3016 
3013 3014 3016 3017 
3015 3016 3018 3019 
3016 3017 3019 3020 
3018 3019 3021 3022 
3019 3020 3022 3023 
3021 3022 3024 3025 
3022 3023 3025 3026 
3024 3025 3027 3028 
3025 3026 3028 3029 
3027 3028 3030 3031 
3028 3029 3031 3032 
3030 3031 3033 3034 
3031 3032 3034 3035 
3033 3034 3036 3037 
3034 3035 3037 3038 
3036 3037 3039 3040 
3037 3038 3040 3041 
3039 3040 3042 3043 
3040 3041 3043 3044 
3042 3043 3045 3046 
3043 3044 3046 3047 
3045 3046 3048 3049 
3046 3047 3049 3050 
3048 3049 3051 3052 
3049 3050 3052 3053 
3051 3052 3054 3055 
3052 3053 3055 3056 
3054 3055 3057 3058 
3055 3056 3058 3059 
3057 3058 3060 3061 
3058 3059 3061 3062 
3060 3061 3063 3064 
3061 3062 3064 3065 
3063 3064 3066 3067 
3064 3065 3067 3068 
3066 3067 3069 3070 
3067 3068 3070 3071 
