192 9
0 1 -1 1 3 -1 -1 4 4 
1 0 -1 2 4 -1 -1 5 3 
2 1 -1 1 5 -1 -1 4 4 
3 4 0 4 6 1 1 7 7 
4 3 1 5 7 0 2 8 6 
5 4 2 4 8 1 1 7 7 
6 7 3 7 9 4 4 10 10 
7 6 4 8 10 3 5 11 9 
8 7 5 7 11 4 4 10 10 
9 10 6 10 12 7 7 13 13 
10 9 7 11 13 6 8 14 12 
11 10 8 10 14 7 7 13 13 
12 13 9 13 15 10 10 16 16 
13 12 10 14 16 9 11 17 15 
14 13 11 13 17 10 10 16 16 
15 16 12 16 18 13 13 19 19 
16 15 13 17 19 12 14 20 18 
17 16 14 16 20 13 13 19 19 
18 19 15 19 21 16 16 22 22 
19 18 16 20 22 15 17 23 21 
20 19 17 19 23 16 16 22 22 
21 22 18 22 24 19 19 25 25 
22 21 19 23 25 18 20 26 24 
23 22 20 22 26 19 19 25 25 
24 25 21 25 27 22 22 28 28 
25 24 22 26 28 21 23 29 27 
26 25 23 25 29 22 22 28 28 
27 28 24 28 30 25 25 31 31 
28 27 25 29 31 24 26 32 30 
29 28 26 28 32 25 25 31 31 
30 31 27 31 33 28 28 34 34 
31 30 28 32 34 27 29 35 33 
32 31 29 31 35 28 28 34 34 
33 34 30 34 36 31 31 37 37 
34 33 31 35 37 30 32 38 36 
35 34 32 34 38 31 31 37 37 
36 37 33 37 39 34 34 40 40 
37 36 34 38 40 33 35 41 39 
38 37 35 37 41 34 34 40 40 
39 40 36 40 42 37 37 43 43 
40 39 37 41 43 36 38 44 42 
41 40 38 40 44 37 37 43 43 
42 43 39 43 45 40 40 46 46 
43 42 40 44 46 39 41 47 45 
44 43 41 43 47 40 40 46 46 
45 46 42 46 48 43 43 49 49 
46 45 43 47 49 42 44 50 48 
47 46 44 46 50 43 43 49 49 
48 49 45 49 51 46 46 52 52 
49 48 46 50 52 45 47 53 51 
50 49 47 49 53 46 46 52 52 
51 52 48 52 54 49 49 55 55 
52 51 49 53 55 48 50 56 54 
53 52 50 52 56 49 49 55 55 
54 55 51 55 57 52 52 58 58 
55 54 52 56 58 51 53 59 57 
56 55 53 55 59 52 52 58 58 
57 58 54 58 60 55 55 61 61 
58 57 55 59 61 54 56 62 60 
59 58 56 58 62 55 55 61 61 
60 61 57 61 63 58 58 64 64 
61 60 58 62 64 57 59 65 63 
62 61 59 61 65 58 58 64 64 
63 64 60 64 66 61 61 67 67 
64 63 61 65 67 60 62 68 66 
65 64 62 64 68 61 61 67 67 
66 67 63 67 69 64 64 70 70 
67 66 64 68 70 63 65 71 69 
68 67 65 67 71 64 64 70 70 
69 70 66 70 72 67 67 73 73 
70 69 67 71 73 66 68 74 72 
71 70 68 70 74 67 67 73 73 
72 73 69 73 75 70 70 76 76 
73 72 70 74 76 69 71 77 75 
74 73 71 73 77 70 70 76 76 
75 76 72 76 78 73 73 79 79 
76 75 73 77 79 72 74 80 78 
77 76 74 76 80 73 73 79 79 
78 79 75 79 81 76 76 82 82 
79 78 76 80 82 75 77 83 81 
80 79 77 79 83 76 76 82 82 
81 82 78 82 84 79 79 85 85 
82 81 79 83 85 78 80 86 84 
83 82 80 82 86 79 79 85 85 
84 85 81 85 87 82 82 88 88 
85 84 82 86 88 81 83 89 87 
86 85 83 85 89 82 82 88 88 
87 88 84 88 90 85 85 91 91 
88 87 85 89 91 84 86 92 90 
89 88 86 88 92 85 85 91 91 
90 91 87 91 93 88 88 94 94 
91 90 88 92 94 87 89 95 93 
92 91 89 91 95 88 88 94 94 
93 94 90 94 96 91 91 97 97 
94 93 91 95 97 90 92 98 96 
95 94 92 94 98 91 91 97 97 
96 97 93 97 99 94 94 100 100 
97 96 94 98 100 93 95 101 99 
98 97 95 97 101 94 94 100 100 
99 100 96 100 102 97 97 103 103 
100 99 97 101 103 96 98 104 102 
101 100 98 100 104 97 97 103 103 
102 103 99 103 105 100 100 106 106 
103 102 100 104 106 99 101 107 105 
104 103 101 103 107 100 100 106 106 
105 106 102 106 108 103 103 109 109 
106 105 103 107 109 102 104 110 108 
107 106 104 106 110 103 103 109 109 
108 109 105 109 111 106 106 112 112 
109 108 106 110 112 105 107 113 111 
110 109 107 109 113 106 106 112 112 
111 112 108 112 114 109 109 115 115 
112 111 109 113 115 108 110 116 114 
113 112 110 112 116 109 109 115 115 
114 115 111 115 117 112 112 118 118 
115 114 112 116 118 111 113 119 117 
116 115 113 115 119 112 112 118 118 
117 118 114 118 120 115 115 121 121 
118 117 115 119 121 114 116 122 120 
119 118 116 118 122 115 115 121 121 
120 121 117 121 123 118 118 124 124 
121 120 118 122 124 117 119 125 123 
122 121 119 121 125 118 118 124 124 
123 124 120 124 126 121 121 127 127 
124 123 121 125 127 120 122 128 126 
125 124 122 124 128 121 121 127 127 
126 127 123 127 129 124 124 130 130 
127 126 124 128 130 123 125 131 129 
128 127 125 127 131 124 124 130 130 
129 130 126 130 132 127 127 133 133 
130 129 127 131 133 126 128 134 132 
131 130 128 130 134 127 127 133 133 
132 133 129 133 135 130 130 136 136 
133 132 130 134 136 129 131 137 135 
134 133 131 133 137 130 130 136 136 
135 136 132 136 138 133 133 139 139 
136 135 133 137 139 132 134 140 138 
137 136 134 136 140 133 133 139 139 
138 139 135 139 141 136 136 142 142 
139 138 136 140 142 135 137 143 141 
140 139 137 139 143 136 136 142 142 
141 142 138 142 144 139 139 145 145 
142 141 139 143 145 138 140 146 144 
143 142 140 142 146 139 139 145 145 
144 145 141 145 147 142 142 148 148 
145 144 142 146 148 141 143 149 147 
146 145 143 145 149 142 142 148 148 
147 148 144 148 150 145 145 151 151 
148 147 145 149 151 144 146 152 150 
149 148 146 148 152 145 145 151 151 
150 151 147 151 153 148 148 154 154 
151 150 148 152 154 147 149 155 153 
152 151 149 151 155 148 148 154 154 
153 154 150 154 156 151 151 157 157 
154 153 151 155 157 150 152 158 156 
155 154 152 154 158 151 151 157 157 
156 157 153 157 159 154 154 160 160 
157 156 154 158 160 153 155 161 159 
158 157 155 157 161 154 154 160 160 
159 160 156 160 162 157 157 163 163 
160 159 157 161 163 156 158 164 162 
161 160 158 160 164 157 157 163 163 
162 163 159 163 165 160 160 166 166 
163 162 160 164 166 159 161 167 165 
164 163 161 163 167 160 160 166 166 
165 166 162 166 168 163 163 169 169 
166 165 163 167 169 162 164 170 168 
167 166 164 166 170 163 163 169 169 
168 169 165 169 171 166 166 172 172 
169 168 166 170 172 165 167 173 171 
170 169 167 169 173 166 166 172 172 
171 172 168 172 174 169 169 175 175 
172 171 169 173 175 168 170 176 174 
173 172 170 172 176 169 169 175 175 
174 175 171 175 177 172 172 178 178 
175 174 172 176 178 171 173 179 177 
176 175 173 175 179 172 172 178 178 
177 178 174 178 180 175 175 181 181 
178 177 175 179 181 174 176 182 180 
179 178 176 178 182 175 175 181 181 
180 181 177 181 183 178 178 184 184 
181 180 178 182 184 177 179 185 183 
182 181 179 181 185 178 178 184 184 
183 184 180 184 186 181 181 187 187 
184 183 181 185 187 180 182 188 186 
185 184 182 184 188 181 181 187 187 
186 187 183 187 189 184 184 190 190 
187 186 184 188 190 183 185 191 189 
188 187 185 187 191 184 184 190 190 
189 190 186 190 -1 187 187 -1 -1 
190 189 187 191 -1 186 188 -1 -1 
191 190 188 190 -1 187 187 -1 -1 
