126 4
0 1 3 4 
1 2 4 5 
3 4 6 7 
4 5 7 8 
6 7 9 10 
7 8 10 11 
9 10 12 13 
10 11 13 14 
12 13 15 16 
13 14 16 17 
15 16 18 19 
16 17 19 20 
18 19 21 22 
19 20 22 23 
21 22 24 25 
22 23 25 26 
24 25 27 28 
25 26 28 29 
27 28 30 31 
28 29 31 32 
30 31 33 34 
31 32 34 35 
33 34 36 37 
34 35 37 38 
36 37 39 40 
37 38 40 41 
39 40 42 43 
40 41 43 44 
42 43 45 46 
43 44 46 47 
45 46 48 49 
46 47 49 50 
48 49 51 52 
49 50 52 53 
51 52 54 55 
52 53 55 56 
54 55 57 58 
55 56 58 59 
57 58 60 61 
58 59 61 62 
60 61 63 64 
61 62 64 65 
63 64 66 67 
64 65 67 68 
66 67 69 70 
67 68 70 71 
69 70 72 73 
70 71 73 74 
72 73 75 76 
73 74 76 77 
75 76 78 79 
76 77 79 80 
78 79 81 82 
79 80 82 83 
81 82 84 85 
82 83 85 86 
84 85 87 88 
85 86 88 89 
87 88 90 91 
88 89 91 92 
90 91 93 94 
91 92 94 95 
93 94 96 97 
94 95 97 98 
96 97 99 100 
97 98 100 101 
99 100 102 103 
100 101 103 104 
102 103 105 106 
103 104 106 107 
105 106 108 109 
106 107 109 110 
108 109 111 112 
109 110 112 113 
111 112 114 115 
112 113 115 116 
114 115 117 118 
115 116 118 119 
117 118 120 121 
118 119 121 122 
120 121 123 124 
121 122 124 125 
123 124 126 127 
124 125 127 128 
126 127 129 130 
127 128 130 131 
129 130 132 133 
130 131 133 134 
132 133 135 136 
133 134 136 137 
135 136 138 139 
136 137 139 140 
138 139 141 142 
139 140 142 143 
141 142 144 145 
142 143 145 146 
144 145 147 148 
145 146 148 149 
147 148 150 151 
148 149 151 152 
150 151 153 154 
151 152 154 155 
153 154 156 157 
154 155 157 158 
156 157 159 160 
157 158 160 161 
159 160 162 163 
160 161 163 164 
162 163 165 166 
163 164 166 167 
165 166 168 169 
166 167 169 170 
168 169 171 172 
169 170 172 173 
171 172 174 175 
172 173 175 176 
174 175 177 178 
175 176 178 179 
177 178 180 181 
178 179 181 182 
180 181 183 184 
181 182 184 185 
183 184 186 187 
184 185 187 188 
186 187 189 190 
187 188 190 191 
